(20.629, 4.7, 36424, 36456, 36456, 36360, 0, 'ok')
(20.681, 4.7, 36456, 36424, 36424, 36424, 0, 'ok')
(20.734, 4.7, 36424, 36392, 36488, 36392, 0, 'ok')
(20.786, 4.7, 36424, 36456, 36552, 36392, 0, 'ok')
(20.838, 4.7, 36424, 36424, 36424, 36392, 0, 'ok')
(20.89, 4.7, 36424, 36424, 36424, 36392, 0, 'ok')
(20.943, 4.7, 36456, 36424, 36520, 36392, 0, 'ok')
(20.994, 4.7, 36456, 36488, 36488, 36424, 0, 'ok')
(21.046, 4.7, 36424, 36424, 36424, 36360, 0, 'ok')
(21.098, 4.7, 36424, 36392, 36456, 36328, 0, 'ok')
(21.15, 4.7, 36424, 36456, 36392, 36360, 0, 'ok')
(21.203, 4.7, 36424, 36456, 36424, 36392, 0, 'ok')
(21.254, 4.7, 36456, 36424, 36456, 36392, 0, 'ok')
(21.307, 4.7, 36424, 36424, 36456, 36392, 0, 'ok')
(21.359, 4.7, 36456, 36456, 36456, 36392, 0, 'ok')
(21.412, 4.7, 36424, 36424, 36520, 36392, 0, 'ok')
(21.463, 4.7, 36424, 36424, 36456, 36360, 0, 'ok')
(21.516, 4.7, 36424, 36424, 36424, 36424, 0, 'ok')
(21.568, 4.7, 36456, 36392, 36392, 36360, 0, 'ok')
(21.621, 4.7, 36424, 36424, 36456, 36424, 0, 'ok')
(21.672, 4.7, 36456, 36392, 36456, 36392, 0, 'ok')
(21.725, 4.7, 36456, 36424, 36456, 36424, 0, 'ok')
(21.777, 4.7, 36424, 36456, 36456, 36392, 0, 'ok')
(21.83, 4.7, 36424, 36392, 36488, 36360, 0, 'ok')
(21.881, 4.7, 36424, 36392, 36424, 36392, 0, 'ok')
(21.934, 4.7, 36424, 36456, 36456, 36424, 0, 'ok')
(21.986, 4.7, 36456, 36424, 36520, 36360, 0, 'ok')
(22.039, 4.7, 36456, 36392, 36520, 36392, 0, 'ok')
(22.089, 4.7, 36424, 36392, 36456, 36424, 0, 'ok')
(22.142, 4.7, 36456, 36456, 36488, 36392, 0, 'ok')
(22.193, 4.7, 36456, 36392, 36456, 36392, 0, 'ok')
(22.246, 4.7, 36456, 36424, 36488, 36392, 0, 'ok')
(22.296, 4.7, 36424, 36424, 36456, 36424, 0, 'ok')
(22.349, 4.7, 36424, 36392, 36424, 36392, 0, 'ok')
(22.4, 4.7, 36424, 36392, 36520, 36392, 0, 'ok')
(22.453, 4.7, 36456, 36424, 36488, 36360, 0, 'ok')
(22.503, 4.7, 36456, 36360, 36520, 36424, 0, 'ok')
(22.556, 4.7, 36424, 36488, 36456, 36392, 0, 'ok')
(22.608, 4.7, 36488, 36456, 36456, 36392, 0, 'ok')
(22.661, 4.7, 36456, 36424, 36488, 36360, 0, 'ok')
(22.712, 4.7, 36424, 36424, 36520, 36360, 0, 'ok')
(22.765, 4.7, 36424, 36392, 36456, 36328, 0, 'ok')
(22.817, 4.7, 36424, 36424, 36488, 36360, 0, 'ok')
(22.869, 4.7, 36424, 36392, 36456, 36392, 0, 'ok')
(22.921, 4.7, 36456, 36424, 36488, 36392, 0, 'ok')
(22.973, 4.7, 36456, 36392, 36424, 36392, 0, 'ok')
(23.026, 4.7, 36456, 36424, 36424, 36392, 0, 'ok')
(23.077, 4.7, 36456, 36456, 36456, 36424, 0, 'ok')
(23.129, 4.7, 36424, 36392, 36488, 36424, 0, 'ok')
(23.18, 4.7, 36424, 36424, 36424, 36360, 0, 'ok')
(23.233, 4.7, 36424, 36392, 36456, 36392, 0, 'ok')
(23.286, 4.7, 36456, 36456, 36392, 36424, 0, 'ok')
(23.337, 4.7, 36424, 36392, 36488, 36392, 0, 'ok')
(23.39, 4.7, 36456, 36424, 36520, 36424, 0, 'ok')
(23.441, 4.7, 36456, 36424, 36488, 36360, 0, 'ok')
(23.494, 4.7, 36456, 36424, 36488, 36360, 0, 'ok')
(23.545, 4.7, 36456, 36456, 36552, 36392, 0, 'ok')
(23.597, 4.7, 36424, 36424, 36488, 36392, 0, 'ok')
(23.65, 4.7, 36456, 36456, 36520, 36392, 0, 'ok')
(23.702, 4.7, 36424, 36424, 36424, 36424, 0, 'ok')
(23.754, 4.7, 36424, 36424, 36488, 36360, 0, 'ok')
(23.806, 4.7, 36424, 36424, 36488, 36424, 0, 'ok')
(23.859, 4.7, 36456, 36424, 36456, 36392, 0, 'ok')
(23.911, 4.7, 36456, 36456, 36424, 36360, 0, 'ok')
(23.963, 4.7, 36456, 36392, 36520, 36360, 0, 'ok')
(24.015, 4.7, 36456, 36392, 36392, 36392, 0, 'ok')
(24.068, 4.7, 36456, 36392, 36456, 36392, 0, 'ok')
(24.12, 4.7, 36456, 36424, 36520, 36392, 0, 'ok')
(24.172, 4.7, 36424, 36424, 36552, 36360, 0, 'ok')
(24.224, 4.7, 36456, 36456, 36488, 36360, 0, 'ok')
(24.277, 4.7, 36456, 36424, 36424, 36392, 0, 'ok')
(24.329, 4.7, 36456, 36360, 36488, 36392, 0, 'ok')
(24.381, 4.7, 36424, 36456, 36456, 36392, 0, 'ok')
(24.433, 4.7, 36424, 36424, 36552, 36424, 0, 'ok')
(24.486, 4.7, 36456, 36456, 36424, 36392, 0, 'ok')
(24.538, 4.7, 36424, 36456, 36488, 36328, 0, 'ok')
(24.59, 4.7, 36456, 36424, 36488, 36392, 0, 'ok')
(24.642, 4.7, 36456, 36456, 36456, 36360, 0, 'ok')
(24.695, 4.7, 36424, 36392, 36520, 36392, 0, 'ok')
(24.747, 4.7, 36456, 36424, 36392, 36360, 0, 'ok')
(24.799, 4.7, 36456, 36392, 36456, 36392, 0, 'ok')
(24.851, 4.7, 36424, 36456, 36488, 36392, 0, 'ok')
(24.904, 4.7, 36456, 36392, 36456, 36392, 0, 'ok')
(24.956, 4.7, 36456, 36488, 36520, 36360, 0, 'ok')
(25.008, 4.7, 36456, 36456, 36456, 36392, 0, 'ok')
(25.06, 4.7, 36456, 36456, 36520, 36392, 0, 'ok')
(25.113, 4.7, 36424, 36392, 36424, 36392, 0, 'ok')
(25.165, 4.7, 36456, 36392, 36520, 36360, 0, 'ok')
(25.217, 4.7, 36456, 36424, 36520, 36360, 0, 'ok')
(25.268, 4.7, 36456, 36392, 36520, 36392, 0, 'ok')
(25.321, 4.7, 36424, 36456, 36488, 36360, 0, 'ok')
(25.373, 4.7, 36456, 36424, 36456, 36424, 0, 'ok')
(25.424, 4.7, 36456, 36456, 36456, 36424, 0, 'ok')
(25.477, 4.7, 36456, 36424, 36456, 36360, 0, 'ok')
(25.529, 4.7, 36424, 36424, 36456, 36392, 0, 'ok')
(25.582, 4.7, 36424, 36392, 36456, 36360, 0, 'ok')
(25.633, 4.7, 36456, 36424, 36456, 36424, 0, 'ok')
(25.686, 4.7, 36456, 36424, 36488, 36424, 0, 'ok')
(25.738, 4.7, 36456, 36456, 36456, 36424, 0, 'ok')
(25.791, 4.7, 36456, 36424, 36520, 36360, 0, 'ok')
(25.842, 4.7, 36456, 36424, 36552, 36392, 0, 'ok')
(25.895, 4.7, 36456, 36424, 36456, 36392, 0, 'ok')
(25.947, 4.7, 36424, 36456, 36520, 36360, 0, 'ok')
(26.0, 4.7, 36456, 36424, 36520, 36392, 0, 'ok')
(26.051, 4.7, 36456, 36456, 36456, 36392, 0, 'ok')
(26.104, 4.7, 36456, 36424, 36488, 36392, 0, 'ok')
(26.156, 4.7, 36456, 36424, 36520, 36424, 0, 'ok')
(26.208, 4.7, 36456, 36456, 36520, 36392, 0, 'ok')
(26.26, 4.7, 36456, 36456, 36488, 36392, 0, 'ok')
(26.313, 4.7, 36424, 36392, 36456, 36360, 0, 'ok')
(26.365, 4.7, 36424, 36456, 36520, 36392, 0, 'ok')
(26.417, 4.7, 36456, 36424, 36424, 36392, 0, 'ok')
(26.469, 4.7, 36424, 36424, 36488, 36392, 0, 'ok')
(26.522, 4.7, 36456, 36456, 36520, 36360, 0, 'ok')
(26.574, 4.7, 36456, 36456, 36520, 36392, 0, 'ok')
(26.626, 4.7, 36456, 36424, 36520, 36424, 0, 'ok')
(26.678, 4.7, 36456, 36424, 36488, 36360, 0, 'ok')
(26.731, 4.7, 36456, 36424, 36424, 36392, 0, 'ok')
(26.783, 4.7, 36456, 36424, 36488, 36424, 0, 'ok')
(26.835, 4.7, 36456, 36424, 36520, 36424, 0, 'ok')
(26.887, 4.7, 36456, 36360, 36456, 36360, 0, 'ok')
(26.94, 4.7, 36456, 36424, 36488, 36392, 0, 'ok')
(26.992, 4.7, 36456, 36456, 36520, 36392, 0, 'ok')
(27.044, 4.7, 36424, 36488, 36488, 36360, 0, 'ok')
(27.096, 4.7, 36456, 36456, 36424, 36392, 0, 'ok')
(27.149, 4.7, 36456, 36424, 36456, 36424, 0, 'ok')
(27.2, 4.7, 36456, 36424, 36456, 36392, 0, 'ok')
(27.252, 4.7, 36424, 36424, 36488, 36392, 0, 'ok')
(27.303, 4.7, 36424, 36424, 36488, 36392, 0, 'ok')
(27.356, 4.7, 36456, 36456, 36552, 36392, 0, 'ok')
(27.409, 4.7, 36456, 36424, 36488, 36392, 0, 'ok')
(27.46, 4.7, 36424, 36424, 36488, 36392, 0, 'ok')
(27.513, 4.7, 36456, 36424, 36456, 36424, 0, 'ok')
(27.565, 4.7, 36424, 36456, 36456, 36392, 0, 'ok')
(27.618, 4.7, 36456, 36424, 36424, 36392, 0, 'ok')
(27.669, 4.7, 36456, 36424, 36488, 36392, 0, 'ok')
(27.722, 4.7, 36456, 36424, 36488, 36392, 0, 'ok')
(27.774, 4.7, 36456, 36424, 36520, 36392, 0, 'ok')
(27.827, 4.7, 36456, 36424, 36488, 36424, 0, 'ok')
(27.878, 4.7, 36456, 36392, 36456, 36392, 0, 'ok')
(27.931, 4.7, 36456, 36392, 36488, 36360, 0, 'ok')
(27.983, 4.7, 36456, 36424, 36488, 36392, 0, 'ok')
(28.036, 4.7, 36456, 36424, 36488, 36424, 0, 'ok')
(28.087, 4.7, 36456, 36456, 36488, 36360, 0, 'ok')
(28.14, 4.7, 36424, 36456, 36520, 36392, 0, 'ok')
(28.192, 4.7, 36456, 36456, 36456, 36392, 0, 'ok')
(28.245, 4.7, 36424, 36424, 36456, 36424, 0, 'ok')
(28.296, 4.7, 36456, 36424, 36488, 36392, 0, 'ok')
(28.349, 4.7, 36456, 36456, 36488, 36392, 0, 'ok')
(28.4, 4.7, 36456, 36424, 36424, 36424, 0, 'ok')
(28.453, 4.7, 36456, 36456, 36488, 36360, 0, 'ok')
(28.504, 4.7, 36456, 36424, 36488, 36424, 0, 'ok')
(28.556, 4.7, 36456, 36424, 36424, 36392, 0, 'ok')
(28.609, 4.7, 36456, 36488, 36488, 36424, 0, 'ok')
(28.661, 4.7, 36456, 36456, 36424, 36392, 0, 'ok')
(28.713, 4.7, 36424, 36424, 36456, 36392, 0, 'ok')
(28.765, 4.7, 36456, 36488, 36520, 36392, 0, 'ok')
(28.818, 4.7, 36456, 36424, 36456, 36360, 0, 'ok')
(28.87, 4.7, 36456, 36424, 36520, 36392, 0, 'ok')
(28.922, 4.7, 36456, 36456, 36520, 36424, 0, 'ok')
(28.974, 4.7, 36456, 36456, 36488, 36392, 0, 'ok')
(29.027, 4.7, 36456, 36456, 36456, 36360, 0, 'ok')
(29.079, 4.7, 36456, 36424, 36520, 36424, 0, 'ok')
(29.131, 4.7, 36456, 36392, 36520, 36392, 0, 'ok')
(29.183, 4.7, 36456, 36456, 36520, 36392, 0, 'ok')
(29.236, 4.7, 36456, 36424, 36488, 36392, 0, 'ok')
(29.287, 4.7, 36456, 36424, 36520, 36360, 0, 'ok')
(29.339, 4.8, 36456, 36424, 36456, 36360, 0, 'ok')
(29.39, 4.9, 36488, 36456, 36520, 36424, 0, 'ok')
(29.443, 5.2, 36456, 36456, 36456, 36392, 0, 'ok')
(29.495, 5.3, 36456, 36456, 36488, 36392, 0, 'ok')
(29.547, 5.6, 36456, 36456, 36520, 36392, 0, 'ok')
(29.599, 5.7, 36456, 36456, 36456, 36392, 0, 'ok')
(29.652, 6.0, 36456, 36424, 36488, 36424, 0, 'ok')
(29.703, 6.1, 36456, 36456, 36488, 36392, 0, 'ok')
(29.755, 6.3, 36456, 36456, 36488, 36424, 0, 'ok')
(29.806, 6.5, 36456, 36424, 36520, 36392, 0, 'ok')
(29.859, 6.5, 36456, 36424, 36488, 36392, 0, 'ok')
(29.91, 6.7, 36456, 36456, 36456, 36424, 0, 'ok')
(29.962, 6.7, 36456, 36456, 36456, 36392, 0, 'ok')
(30.013, 6.8, 36424, 36392, 36424, 36392, 0, 'ok')
(30.066, 6.9, 36456, 36456, 36520, 36424, 0, 'ok')
(30.117, 6.9, 36424, 36424, 36488, 36392, 0, 'ok')
(30.169, 7.0, 36456, 36456, 36552, 36424, 0, 'ok')
(30.221, 7.0, 36456, 36456, 36456, 36456, 0, 'ok')
(30.274, 7.0, 36456, 36456, 36424, 36456, 0, 'ok')
(30.327, 7.0, 36456, 36424, 36424, 36392, 0, 'ok')
(30.378, 7.0, 36456, 36424, 36520, 36392, 0, 'ok')
(30.431, 7.0, 36456, 36392, 36424, 36424, 0, 'ok')
(30.483, 7.0, 36488, 36424, 36488, 36392, 0, 'ok')
(30.536, 7.0, 36456, 36424, 36488, 36424, 0, 'ok')
(30.587, 7.0, 36456, 36456, 36488, 36392, 0, 'ok')
(30.64, 7.0, 36456, 36456, 36456, 36392, 0, 'ok')
(30.692, 7.0, 36488, 36424, 36552, 36424, 0, 'ok')
(30.745, 7.0, 36456, 36488, 36456, 36424, 0, 'ok')
(30.795, 7.0, 36456, 36424, 36424, 36392, 0, 'ok')
(30.848, 7.0, 36456, 36424, 36552, 36424, 0, 'ok')
(30.899, 7.0, 36456, 36456, 36456, 36392, 0, 'ok')
(30.952, 7.0, 36456, 36488, 36520, 36392, 0, 'ok')
(31.003, 7.0, 36456, 36424, 36456, 36424, 0, 'ok')
(31.056, 7.0, 36456, 36456, 36488, 36424, 0, 'ok')
(31.107, 7.0, 36456, 36424, 36424, 36424, 0, 'ok')
(31.16, 7.0, 36488, 36424, 36488, 36392, 0, 'ok')
(31.212, 7.0, 36456, 36456, 36488, 36424, 0, 'ok')
(31.264, 7.0, 36424, 36424, 36424, 36360, 0, 'ok')
(31.317, 7.0, 36424, 36392, 36424, 36456, 0, 'ok')
(31.369, 7.0, 36456, 36456, 36520, 36424, 0, 'ok')
(31.421, 7.0, 36456, 36392, 36456, 36392, 0, 'ok')
(31.473, 7.0, 36456, 36456, 36520, 36392, 0, 'ok')
(31.526, 7.0, 36456, 36424, 36424, 36392, 0, 'ok')
(31.578, 7.0, 36456, 36456, 36456, 36392, 0, 'ok')
(31.63, 7.0, 36456, 36424, 36488, 36424, 0, 'ok')
(31.682, 7.0, 36456, 36456, 36456, 36392, 0, 'ok')
(31.735, 7.0, 36456, 36424, 36488, 36424, 0, 'ok')
(31.786, 7.0, 36456, 36424, 36488, 36392, 0, 'ok')
(31.838, 7.0, 36456, 36456, 36520, 36392, 0, 'ok')
(31.89, 7.0, 36456, 36424, 36456, 36424, 0, 'ok')
(31.943, 7.0, 36456, 36424, 36520, 36392, 0, 'ok')
(31.994, 7.0, 36456, 36424, 36456, 36424, 0, 'ok')
(32.046, 7.0, 36456, 36424, 36488, 36392, 0, 'ok')
(32.097, 7.0, 36456, 36456, 36488, 36392, 0, 'ok')
(32.15, 7.0, 36456, 36392, 36488, 36424, 0, 'ok')
(32.201, 7.0, 36456, 36456, 36456, 36424, 0, 'ok')
(32.253, 7.0, 36456, 36456, 36552, 36392, 0, 'ok')
(32.305, 7.0, 36456, 36456, 36552, 36424, 0, 'ok')
(32.358, 7.0, 36488, 36424, 36520, 36424, 0, 'ok')
(32.409, 7.0, 36488, 36456, 36488, 36392, 0, 'ok')
(32.461, 7.0, 36456, 36456, 36520, 36392, 0, 'ok')
(32.513, 7.0, 36456, 36392, 36424, 36424, 0, 'ok')
(32.566, 7.0, 36456, 36392, 36552, 36424, 0, 'ok')
(32.617, 7.0, 36456, 36456, 36488, 36424, 0, 'ok')
(32.669, 7.0, 36456, 36424, 36520, 36424, 0, 'ok')
(32.721, 7.0, 36456, 36488, 36488, 36424, 0, 'ok')
(32.774, 7.0, 36488, 36488, 36456, 36424, 0, 'ok')
(32.826, 7.0, 36488, 36456, 36520, 36424, 0, 'ok')
(32.877, 7.0, 36456, 36456, 36520, 36392, 0, 'ok')
(32.93, 7.0, 36456, 36488, 36584, 36424, 0, 'ok')
(32.982, 7.0, 36456, 36424, 36488, 36360, 0, 'ok')
(33.035, 7.0, 36488, 36424, 36520, 36424, 0, 'ok')
(33.086, 7.0, 36456, 36424, 36520, 36392, 0, 'ok')
(33.139, 7.0, 36424, 36456, 36488, 36360, 0, 'ok')
(33.191, 7.0, 36456, 36424, 36488, 36424, 0, 'ok')
(33.244, 7.0, 36456, 36488, 36488, 36456, 0, 'ok')
(33.295, 7.0, 36456, 36456, 36456, 36392, 0, 'ok')
(33.348, 7.0, 36456, 36456, 36520, 36360, 0, 'ok')
(33.399, 7.0, 36456, 36456, 36488, 36392, 0, 'ok')
(33.452, 7.0, 36456, 36424, 36488, 36392, 0, 'ok')
(33.502, 7.0, 36456, 36424, 36488, 36424, 0, 'ok')
(33.555, 7.0, 36456, 36488, 36488, 36392, 0, 'ok')
(33.606, 7.0, 36488, 36488, 36488, 36392, 0, 'ok')
(33.659, 7.0, 36456, 36424, 36488, 36392, 0, 'ok')
(33.711, 7.0, 36456, 36424, 36456, 36424, 0, 'ok')
(33.763, 7.0, 36456, 36488, 36456, 36424, 0, 'ok')
(33.816, 7.0, 36456, 36456, 36488, 36424, 0, 'ok')
(33.868, 7.0, 36456, 36424, 36520, 36456, 0, 'ok')
(33.92, 7.0, 36456, 36456, 36520, 36360, 0, 'ok')
(33.972, 7.0, 36456, 36456, 36520, 36424, 0, 'ok')
(34.024, 7.0, 36456, 36488, 36520, 36360, 0, 'ok')
(34.076, 7.0, 36456, 36488, 36456, 36424, 0, 'ok')
(34.128, 7.0, 36424, 36456, 36456, 36424, 0, 'ok')
(34.18, 7.0, 36456, 36424, 36488, 36424, 0, 'ok')
(34.233, 7.0, 36456, 36456, 36488, 36424, 0, 'ok')
(34.285, 7.0, 36456, 36424, 36456, 36392, 0, 'ok')
(34.337, 7.0, 36456, 36488, 36456, 36424, 0, 'ok')
(34.389, 7.0, 36456, 36456, 36456, 36424, 0, 'ok')
(34.442, 7.0, 36456, 36456, 36488, 36424, 0, 'ok')
(34.494, 7.0, 36424, 36424, 36456, 36424, 0, 'ok')
(34.546, 7.0, 36424, 36424, 36488, 36424, 0, 'ok')
(34.598, 7.0, 36456, 36456, 36552, 36392, 0, 'ok')
(34.651, 7.0, 36488, 36424, 36488, 36424, 0, 'ok')
(34.702, 7.0, 36488, 36456, 36456, 36424, 0, 'ok')
(34.754, 7.0, 36488, 36424, 36456, 36424, 0, 'ok')
(34.806, 7.0, 36456, 36456, 36424, 36392, 0, 'ok')
(34.859, 7.0, 36456, 36456, 36456, 36424, 0, 'ok')
(34.912, 7.0, 36456, 36424, 36488, 36360, 0, 'ok')
(34.963, 7.0, 36456, 36488, 36520, 36456, 0, 'ok')
(35.016, 7.0, 36456, 36456, 36520, 36424, 0, 'ok')
(35.068, 7.0, 36488, 36392, 36424, 36424, 0, 'ok')
(35.121, 7.0, 36456, 36488, 36488, 36424, 0, 'ok')
(35.172, 7.0, 36488, 36456, 36488, 36424, 0, 'ok')
(35.225, 7.0, 36424, 36424, 36520, 36424, 0, 'ok')
(35.277, 7.0, 36456, 36456, 36488, 36424, 0, 'ok')
(35.33, 7.0, 36456, 36456, 36424, 36424, 0, 'ok')
(35.381, 7.0, 36456, 36456, 36520, 36392, 0, 'ok')
(35.434, 7.0, 36456, 36456, 36488, 36424, 0, 'ok')
(35.486, 7.0, 36456, 36456, 36488, 36360, 0, 'ok')
(35.539, 7.0, 36488, 36424, 36520, 36424, 0, 'ok')
(35.59, 7.0, 36456, 36456, 36456, 36424, 0, 'ok')
(35.643, 7.0, 36456, 36456, 36488, 36424, 0, 'ok')
(35.696, 7.0, 36424, 36424, 36456, 36392, 0, 'ok')
(35.748, 7.0, 36456, 36424, 36488, 36456, 0, 'ok')
(35.8, 7.0, 36456, 36424, 36520, 36392, 0, 'ok')
(35.852, 7.0, 36456, 36424, 36456, 36392, 0, 'ok')
(35.905, 7.0, 36456, 36456, 36456, 36424, 0, 'ok')
(35.957, 7.0, 36456, 36424, 36456, 36424, 0, 'ok')
(36.009, 7.0, 36456, 36424, 36456, 36392, 0, 'ok')
(36.061, 7.0, 36456, 36456, 36488, 36424, 0, 'ok')
(36.114, 7.0, 36456, 36456, 36424, 36392, 0, 'ok')
(36.166, 7.0, 36424, 36424, 36456, 36392, 0, 'ok')
(36.218, 7.0, 36424, 36424, 36488, 36424, 0, 'ok')
(36.27, 7.0, 36456, 36456, 36488, 36424, 0, 'ok')
(36.323, 7.0, 36456, 36488, 36488, 36456, 0, 'ok')
(36.375, 6.9, 36456, 36456, 36456, 36424, 0, 'ok')
(36.427, 6.9, 36456, 36456, 36456, 36392, 0, 'ok')
(36.479, 6.9, 36456, 36488, 36424, 36392, 0, 'ok')
(36.532, 6.9, 36456, 36424, 36456, 36424, 0, 'ok')
(36.583, 6.9, 36456, 36456, 36488, 36424, 0, 'ok')
(36.636, 6.9, 36456, 36456, 36456, 36424, 0, 'ok')
(36.688, 6.9, 36488, 36456, 36488, 36392, 0, 'ok')
(36.741, 6.9, 36488, 36456, 36488, 36456, 0, 'ok')
(36.792, 6.9, 36456, 36456, 36456, 36392, 0, 'ok')
(36.845, 6.9, 36456, 36456, 36488, 36424, 0, 'ok')
(36.897, 6.9, 36456, 36392, 36456, 36424, 0, 'ok')
(36.95, 6.9, 36456, 36456, 36488, 36392, 0, 'ok')
(37.001, 6.9, 36456, 36456, 36520, 36392, 0, 'ok')
(37.054, 6.9, 36456, 36424, 36456, 36424, 0, 'ok')
(37.106, 6.9, 36456, 36488, 36456, 36424, 0, 'ok')
(37.159, 6.9, 36456, 36488, 36456, 36392, 0, 'ok')
(37.21, 6.9, 36424, 36392, 36392, 36424, 0, 'ok')
(37.263, 6.9, 36456, 36424, 36520, 36360, 0, 'ok')
(37.315, 6.9, 36456, 36456, 36520, 36392, 0, 'ok')
(37.368, 6.9, 36456, 36424, 36488, 36424, 0, 'ok')
(37.419, 6.9, 36456, 36488, 36424, 36392, 0, 'ok')
(37.472, 6.9, 36456, 36488, 36488, 36424, 0, 'ok')
(37.523, 6.9, 36456, 36456, 36424, 36392, 0, 'ok')
(37.576, 6.9, 36456, 36488, 36488, 36392, 0, 'ok')
(37.626, 6.9, 36456, 36424, 36488, 36424, 0, 'ok')
(37.679, 6.9, 36424, 36424, 36392, 36424, 0, 'ok')
(37.73, 6.9, 36424, 36424, 36392, 36392, 0, 'ok')
(37.783, 6.9, 36456, 36456, 36424, 36392, 0, 'ok')
(37.833, 6.9, 36456, 36456, 36456, 36424, 0, 'ok')
(37.886, 6.9, 36456, 36456, 36360, 36392, 0, 'ok')
(37.938, 6.9, 36456, 36456, 36424, 36424, 0, 'ok')
(37.991, 6.9, 36456, 36424, 36424, 36424, 0, 'ok')
(38.042, 6.9, 36456, 36456, 36488, 36424, 0, 'ok')
(38.095, 6.9, 36456, 36456, 36424, 36392, 0, 'ok')
(38.146, 6.9, 36456, 36456, 36456, 36392, 0, 'ok')
(38.199, 6.9, 36456, 36424, 36488, 36424, 0, 'ok')
(38.251, 6.9, 36456, 36456, 36456, 36424, 0, 'ok')
(38.303, 6.9, 36456, 36488, 36424, 36392, 0, 'ok')
(38.356, 6.9, 36456, 36392, 36456, 36424, 0, 'ok')
(38.408, 6.9, 36456, 36456, 36424, 36424, 0, 'ok')
(38.46, 6.9, 36424, 36424, 36456, 36392, 0, 'ok')
(38.512, 6.9, 36424, 36424, 36456, 36392, 0, 'ok')
(38.565, 6.9, 36456, 36456, 36424, 36424, 0, 'ok')
(38.617, 6.9, 36424, 36424, 36424, 36392, 0, 'ok')
(38.669, 6.9, 36456, 36424, 36488, 36424, 0, 'ok')
(38.721, 6.9, 36456, 36424, 36456, 36424, 0, 'ok')
(38.774, 6.9, 36456, 36392, 36520, 36424, 0, 'ok')
(38.826, 6.9, 36424, 36392, 36424, 36392, 0, 'ok')
(38.878, 6.9, 36456, 36456, 36424, 36424, 0, 'ok')
(38.93, 6.9, 36456, 36424, 36456, 36392, 0, 'ok')
(38.983, 6.9, 36424, 36456, 36360, 36392, 0, 'ok')
(39.035, 6.9, 36456, 36456, 36488, 36392, 0, 'ok')
(39.087, 6.9, 36456, 36456, 36360, 36360, 0, 'ok')
(39.139, 6.9, 36456, 36456, 36456, 36424, 0, 'ok')
(39.192, 6.9, 36424, 36392, 36456, 36424, 0, 'ok')
(39.243, 6.9, 36456, 36424, 36424, 36392, 0, 'ok')
(39.295, 6.9, 36456, 36456, 36360, 36392, 0, 'ok')
(39.346, 6.9, 36456, 36424, 36456, 36392, 0, 'ok')
(39.399, 6.9, 36424, 36424, 36456, 36392, 0, 'ok')
(39.452, 6.9, 36456, 36424, 36392, 36392, 0, 'ok')
(39.503, 6.9, 36456, 36456, 36456, 36360, 0, 'ok')
(39.556, 6.9, 36456, 36392, 36424, 36392, 0, 'ok')
(39.608, 6.9, 36424, 36424, 36424, 36424, 0, 'ok')
(39.661, 6.9, 36424, 36424, 36424, 36424, 0, 'ok')
(39.712, 6.9, 36456, 36456, 36424, 36424, 0, 'ok')
(39.765, 6.9, 36456, 36424, 36456, 36392, 0, 'ok')
(39.817, 6.9, 36456, 36456, 36456, 36392, 0, 'ok')
(39.87, 6.9, 36456, 36392, 36456, 36456, 0, 'ok')
(39.921, 6.9, 36456, 36424, 36488, 36456, 0, 'ok')
(39.974, 6.9, 36456, 36456, 36424, 36424, 0, 'ok')
(40.026, 6.9, 36456, 36424, 36392, 36392, 0, 'ok')
(40.079, 6.9, 36424, 36424, 36424, 36456, 0, 'ok')
(40.13, 6.9, 36456, 36456, 36360, 36424, 0, 'ok')
(40.183, 6.9, 36456, 36424, 36488, 36392, 0, 'ok')
(40.235, 6.9, 36456, 36424, 36424, 36424, 0, 'ok')
(40.288, 6.9, 36456, 36488, 36456, 36392, 0, 'ok')
(40.339, 6.9, 36424, 36456, 36424, 36392, 0, 'ok')
(40.392, 6.9, 36424, 36456, 36456, 36392, 0, 'ok')
(40.444, 6.9, 36424, 36424, 36392, 36424, 0, 'ok')
(40.497, 6.9, 36424, 36456, 36424, 36424, 0, 'ok')
(40.548, 6.8, 36456, 36424, 36360, 36424, 0, 'ok')
(40.601, 6.9, 36456, 36424, 36392, 36392, 0, 'ok')
(40.653, 6.9, 36456, 36456, 36424, 36392, 0, 'ok')
(40.706, 6.9, 36456, 36424, 36392, 36424, 0, 'ok')
(40.757, 6.9, 36424, 36424, 36424, 36424, 0, 'ok')
(40.81, 6.9, 36456, 36456, 36360, 36424, 0, 'ok')
(40.862, 6.9, 36456, 36424, 36392, 36392, 0, 'ok')
(40.915, 6.8, 36424, 36424, 36424, 36392, 0, 'ok')
(40.966, 6.9, 36424, 36456, 36456, 36392, 0, 'ok')
(41.019, 6.8, 36456, 36456, 36456, 36424, 0, 'ok')
(41.071, 6.8, 36456, 36424, 36456, 36424, 0, 'ok')
(41.124, 6.8, 36456, 36424, 36424, 36456, 0, 'ok')
(41.175, 6.8, 36424, 36456, 36424, 36392, 0, 'ok')
(41.228, 6.8, 36456, 36424, 36424, 36392, 0, 'ok')
(41.279, 6.8, 36456, 36424, 36360, 36424, 0, 'ok')
(41.332, 6.8, 36456, 36424, 36424, 36424, 0, 'ok')
(41.382, 6.8, 36424, 36424, 36424, 36392, 0, 'ok')
(41.435, 6.9, 36456, 36424, 36392, 36392, 0, 'ok')
(41.488, 6.8, 36456, 36456, 36424, 36424, 0, 'ok')
(41.54, 6.8, 36456, 36424, 36392, 36424, 0, 'ok')
(41.592, 6.8, 36424, 36456, 36392, 36392, 0, 'ok')
(41.644, 6.8, 36424, 36456, 36424, 36392, 0, 'ok')
(41.697, 6.8, 36424, 36424, 36360, 36424, 0, 'ok')
(41.749, 6.8, 36424, 36424, 36456, 36392, 0, 'ok')
(41.801, 6.8, 36456, 36424, 36456, 36392, 0, 'ok')
(41.853, 6.8, 36456, 36424, 36456, 36424, 0, 'ok')
(41.906, 6.8, 36424, 36424, 36424, 36424, 0, 'ok')
(41.958, 6.8, 36456, 36456, 36424, 36392, 0, 'ok')
(42.01, 6.8, 36456, 36456, 36392, 36424, 0, 'ok')
(42.062, 6.8, 36424, 36456, 36392, 36424, 0, 'ok')
(42.115, 6.8, 36456, 36424, 36424, 36424, 0, 'ok')
(42.166, 6.8, 36456, 36424, 36456, 36424, 0, 'ok')
(42.219, 6.8, 36456, 36424, 36424, 36392, 0, 'ok')
(42.271, 6.8, 36424, 36456, 36424, 36424, 0, 'ok')
(42.324, 6.8, 36424, 36392, 36424, 36424, 0, 'ok')
(42.375, 6.8, 36456, 36424, 36424, 36392, 0, 'ok')
(42.428, 6.8, 36424, 36392, 36456, 36392, 0, 'ok')
(42.479, 6.8, 36456, 36456, 36456, 36392, 0, 'ok')
(42.532, 6.8, 36424, 36424, 36392, 36424, 0, 'ok')
(42.583, 6.8, 36424, 36424, 36456, 36424, 0, 'ok')
(42.635, 6.8, 36456, 36456, 36424, 36392, 0, 'ok')
(42.686, 6.8, 36456, 36424, 36456, 36424, 0, 'ok')
(42.739, 6.8, 36424, 36424, 36424, 36424, 0, 'ok')
(42.791, 6.8, 36456, 36424, 36392, 36424, 0, 'ok')
(42.843, 6.8, 36424, 36456, 36456, 36424, 0, 'ok')
(42.896, 6.8, 36456, 36424, 36456, 36392, 0, 'ok')
(42.948, 6.8, 36456, 36424, 36424, 36392, 0, 'ok')
(43.0, 6.8, 36392, 36456, 36456, 36424, 0, 'ok')
(43.052, 6.8, 36424, 36456, 36392, 36392, 0, 'ok')
(43.105, 6.8, 36456, 36424, 36456, 36392, 0, 'ok')
(43.157, 6.8, 36456, 36392, 36424, 36424, 0, 'ok')
(43.209, 6.8, 36424, 36392, 36392, 36392, 0, 'ok')
(43.261, 6.8, 36456, 36424, 36456, 36424, 0, 'ok')
(43.314, 6.8, 36456, 36424, 36424, 36392, 0, 'ok')
(43.366, 6.8, 36424, 36424, 36456, 36424, 0, 'ok')
(43.418, 6.8, 36456, 36456, 36424, 36424, 0, 'ok')
(43.47, 6.8, 36424, 36424, 36456, 36424, 0, 'ok')
(43.523, 6.8, 36456, 36456, 36392, 36424, 0, 'ok')
(43.575, 6.8, 36456, 36424, 36392, 36392, 0, 'ok')
(43.627, 6.8, 36456, 36456, 36392, 36424, 0, 'ok')
(43.679, 6.8, 36424, 36392, 36456, 36392, 0, 'ok')
(43.732, 6.8, 36424, 36456, 36488, 36424, 0, 'ok')
(43.783, 6.8, 36456, 36424, 36424, 36424, 0, 'ok')
(43.835, 6.8, 36456, 36424, 36456, 36424, 0, 'ok')
(43.886, 6.8, 36456, 36424, 36424, 36392, 0, 'ok')
(43.939, 6.8, 36424, 36424, 36456, 36424, 0, 'ok')
(43.99, 6.8, 36456, 36488, 36424, 36392, 0, 'ok')
(44.042, 6.8, 36424, 36456, 36424, 36424, 0, 'ok')
(44.093, 6.8, 36456, 36456, 36424, 36424, 0, 'ok')
(44.146, 6.8, 36424, 36424, 36424, 36424, 0, 'ok')
(44.197, 6.8, 36424, 36424, 36392, 36424, 0, 'ok')
(44.25, 6.8, 36424, 36424, 36392, 36424, 0, 'ok')
(44.3, 6.8, 36456, 36456, 36424, 36456, 0, 'ok')
(44.353, 6.8, 36456, 36424, 36456, 36424, 0, 'ok')
(44.404, 6.8, 36424, 36424, 36424, 36424, 0, 'ok')
(44.457, 6.8, 36456, 36456, 36456, 36424, 0, 'ok')
(44.507, 6.8, 36424, 36424, 36456, 36424, 0, 'ok')
(44.56, 6.8, 36424, 36424, 36392, 36392, 0, 'ok')
(44.613, 6.8, 36424, 36424, 36392, 36424, 0, 'ok')
(44.665, 6.8, 36456, 36424, 36456, 36424, 0, 'ok')
(44.717, 6.8, 36424, 36424, 36424, 36424, 0, 'ok')
(44.769, 6.8, 36424, 36456, 36456, 36424, 0, 'ok')
(44.822, 6.8, 36456, 36424, 36392, 36424, 0, 'ok')
(44.874, 6.8, 36424, 36456, 36392, 36424, 0, 'ok')
(44.926, 6.8, 36424, 36392, 36424, 36456, 0, 'ok')
(44.978, 6.8, 36456, 36424, 36488, 36392, 0, 'ok')
(45.031, 6.8, 36456, 36424, 36424, 36424, 0, 'ok')
(45.083, 6.8, 36456, 36456, 36424, 36392, 0, 'ok')
(45.135, 6.8, 36424, 36392, 36456, 36424, 0, 'ok')
(45.187, 6.8, 36456, 36424, 36424, 36424, 0, 'ok')
(45.24, 6.8, 36424, 36424, 36456, 36392, 0, 'ok')
(45.291, 6.8, 36424, 36424, 36424, 36424, 0, 'ok')
(45.344, 6.8, 36424, 36424, 36424, 36392, 0, 'ok')
(45.396, 6.8, 36424, 36424, 36424, 36424, 0, 'ok')
(45.449, 6.8, 36424, 36392, 36456, 36424, 0, 'ok')
(45.5, 6.8, 36424, 36392, 36424, 36392, 0, 'ok')
(45.553, 6.8, 36424, 36456, 36424, 36392, 0, 'ok')
(45.605, 6.8, 36456, 36424, 36424, 36424, 0, 'ok')
(45.658, 6.8, 36424, 36424, 36392, 36424, 0, 'ok')
(45.709, 6.8, 36424, 36456, 36424, 36392, 0, 'ok')
(45.762, 6.8, 36424, 36424, 36360, 36424, 0, 'ok')
(45.813, 6.8, 36424, 36424, 36456, 36424, 0, 'ok')
(45.866, 6.8, 36424, 36424, 36456, 36392, 0, 'ok')
(45.916, 6.8, 36424, 36424, 36456, 36392, 0, 'ok')
(45.969, 6.8, 36456, 36424, 36456, 36392, 0, 'ok')
(46.021, 6.8, 36424, 36424, 36424, 36424, 0, 'ok')
(46.074, 6.8, 36456, 36424, 36392, 36424, 0, 'ok')
(46.125, 6.8, 36424, 36392, 36488, 36392, 0, 'ok')
(46.178, 6.8, 36456, 36424, 36424, 36424, 0, 'ok')
(46.23, 6.8, 36424, 36456, 36424, 36424, 0, 'ok')
(46.283, 6.8, 36424, 36456, 36392, 36392, 0, 'ok')
(46.334, 6.8, 36456, 36424, 36392, 36424, 0, 'ok')
(46.386, 6.8, 36456, 36424, 36456, 36456, 0, 'ok')
(46.439, 6.8, 36456, 36424, 36456, 36424, 0, 'ok')
(46.491, 6.8, 36424, 36424, 36456, 36392, 0, 'ok')
(46.543, 6.8, 36424, 36392, 36392, 36424, 0, 'ok')
(46.595, 6.8, 36424, 36392, 36424, 36424, 0, 'ok')
(46.648, 6.8, 36424, 36424, 36424, 36424, 0, 'ok')
(46.7, 6.8, 36424, 36424, 36488, 36424, 0, 'ok')
(46.752, 6.8, 36456, 36424, 36392, 36424, 0, 'ok')
(46.804, 6.8, 36488, 36424, 36424, 36424, 0, 'ok')
(46.857, 6.8, 36424, 36424, 36424, 36424, 0, 'ok')
(46.908, 6.8, 36424, 36392, 36392, 36392, 0, 'ok')
(46.96, 6.8, 36392, 36424, 36424, 36424, 0, 'ok')
(47.011, 6.8, 36424, 36424, 36360, 36424, 0, 'ok')
(47.064, 6.8, 36424, 36424, 36392, 36424, 0, 'ok')
(47.115, 6.8, 36424, 36456, 36392, 36392, 0, 'ok')
(47.167, 6.8, 36424, 36424, 36456, 36424, 0, 'ok')
(47.219, 6.8, 36488, 36456, 36392, 36392, 0, 'ok')
(47.272, 6.8, 36456, 36424, 36456, 36424, 0, 'ok')
(47.324, 6.8, 36424, 36456, 36392, 36392, 0, 'ok')
(47.375, 6.8, 36456, 36392, 36424, 36392, 0, 'ok')
(47.428, 6.8, 36424, 36456, 36392, 36424, 0, 'ok')
(47.48, 6.8, 36424, 36424, 36424, 36392, 0, 'ok')
(47.533, 6.8, 36424, 36392, 36392, 36424, 0, 'ok')
(47.584, 6.8, 36424, 36456, 36392, 36424, 0, 'ok')
(47.637, 6.8, 36456, 36424, 36456, 36424, 0, 'ok')
(47.689, 6.8, 36424, 36424, 36392, 36424, 0, 'ok')
(47.742, 6.8, 36424, 36392, 36424, 36392, 0, 'ok')
(47.793, 6.8, 36392, 36424, 36392, 36392, 0, 'ok')
(47.846, 6.8, 36424, 36424, 36392, 36392, 0, 'ok')
(47.898, 6.8, 36424, 36424, 36424, 36424, 0, 'ok')
(47.951, 6.8, 36424, 36424, 36424, 36424, 0, 'ok')
(48.002, 6.8, 36456, 36424, 36392, 36392, 0, 'ok')
(48.055, 6.8, 36456, 36424, 36392, 36424, 0, 'ok')
(48.107, 6.8, 36424, 36424, 36392, 36424, 0, 'ok')
(48.16, 6.8, 36424, 36456, 36392, 36392, 0, 'ok')
(48.211, 6.8, 36424, 36424, 36392, 36392, 0, 'ok')
(48.264, 6.8, 36424, 36424, 36424, 36424, 0, 'ok')
(48.316, 6.8, 36424, 36456, 36456, 36424, 0, 'ok')
(48.369, 6.8, 36456, 36424, 36456, 36424, 0, 'ok')
(48.42, 6.8, 36456, 36424, 36456, 36392, 0, 'ok')
(48.473, 6.8, 36456, 36392, 36424, 36424, 0, 'ok')
(48.525, 6.8, 36424, 36424, 36424, 36424, 0, 'ok')
(48.578, 6.8, 36424, 36456, 36392, 36424, 0, 'ok')
(48.629, 6.8, 36424, 36392, 36456, 36424, 0, 'ok')
(48.682, 6.8, 36424, 36424, 36424, 36392, 0, 'ok')
(48.734, 6.8, 36424, 36392, 36424, 36424, 0, 'ok')
(48.787, 6.8, 36456, 36424, 36456, 36392, 0, 'ok')
(48.838, 6.8, 36456, 36456, 36424, 36392, 0, 'ok')
(48.891, 6.8, 36424, 36424, 36424, 36424, 0, 'ok')
(48.943, 6.8, 36424, 36392, 36424, 36424, 0, 'ok')
(48.996, 6.8, 36456, 36424, 36456, 36392, 0, 'ok')
(49.046, 6.9, 36456, 36424, 36424, 36392, 0, 'ok')
(49.099, 6.8, 36456, 36456, 36424, 36392, 0, 'ok')
(49.15, 6.8, 36456, 36424, 36392, 36424, 0, 'ok')
(49.203, 6.8, 36424, 36456, 36488, 36392, 0, 'ok')
(49.253, 6.8, 36456, 36424, 36392, 36424, 0, 'ok')
(49.306, 6.8, 36424, 36456, 36424, 36392, 0, 'ok')
(49.357, 6.9, 36424, 36424, 36424, 36424, 0, 'ok')
(49.41, 6.8, 36424, 36424, 36424, 36424, 0, 'ok')
(49.462, 6.8, 36424, 36456, 36456, 36424, 0, 'ok')
(49.514, 6.8, 36424, 36424, 36392, 36456, 0, 'ok')
(49.567, 6.9, 36424, 36424, 36456, 36424, 0, 'ok')
(49.619, 6.8, 36456, 36456, 36424, 36424, 0, 'ok')
(49.671, 6.8, 36424, 36456, 36424, 36392, 0, 'ok')
(49.723, 6.8, 36424, 36424, 36456, 36424, 0, 'ok')
(49.776, 6.8, 36424, 36424, 36392, 36360, 0, 'ok')
(49.828, 6.9, 36424, 36424, 36456, 36424, 0, 'ok')
(49.88, 6.8, 36424, 36456, 36488, 36392, 0, 'ok')
(49.932, 6.8, 36456, 36424, 36360, 36392, 0, 'ok')
(49.985, 6.9, 36424, 36424, 36392, 36424, 0, 'ok')
(50.037, 6.8, 36456, 36424, 36488, 36392, 0, 'ok')
(50.089, 6.8, 36424, 36424, 36392, 36424, 0, 'ok')
(50.141, 6.8, 36424, 36424, 36392, 36392, 0, 'ok')
(50.194, 6.8, 36424, 36424, 36392, 36424, 0, 'ok')
(50.246, 6.8, 36424, 36424, 36456, 36392, 0, 'ok')
(50.297, 6.8, 36456, 36424, 36424, 36424, 0, 'ok')
(50.35, 6.8, 36424, 36424, 36424, 36360, 0, 'ok')
(50.402, 6.9, 36424, 36456, 36488, 36392, 0, 'ok')
(50.455, 6.8, 36456, 36392, 36424, 36424, 0, 'ok')
(50.506, 6.8, 36424, 36424, 36392, 36392, 0, 'ok')
(50.559, 6.8, 36424, 36392, 36424, 36392, 0, 'ok')
(50.611, 6.8, 36424, 36424, 36424, 36424, 0, 'ok')
(50.664, 6.9, 36424, 36424, 36488, 36392, 0, 'ok')
(50.715, 6.9, 36424, 36392, 36392, 36424, 0, 'ok')
(50.768, 6.9, 36424, 36392, 36424, 36424, 0, 'ok')
(50.82, 6.9, 36424, 36392, 36392, 36424, 0, 'ok')
(50.873, 6.8, 36424, 36424, 36488, 36392, 0, 'ok')
(50.924, 6.8, 36424, 36424, 36392, 36424, 0, 'ok')
(50.977, 6.8, 36456, 36424, 36456, 36424, 0, 'ok')
(51.029, 6.9, 36424, 36392, 36392, 36392, 0, 'ok')
(51.082, 6.8, 36424, 36424, 36392, 36424, 0, 'ok')
(51.133, 6.9, 36424, 36424, 36424, 36392, 0, 'ok')
(51.186, 6.9, 36456, 36424, 36424, 36456, 0, 'ok')
(51.238, 6.8, 36392, 36424, 36456, 36424, 0, 'ok')
(51.291, 6.9, 36456, 36456, 36520, 36424, 0, 'ok')
(51.342, 6.8, 36424, 36424, 36392, 36392, 0, 'ok')
(51.395, 6.9, 36424, 36424, 36456, 36424, 0, 'ok')
(51.447, 6.9, 36424, 36424, 36392, 36424, 0, 'ok')
(51.5, 6.9, 36456, 36456, 36424, 36424, 0, 'ok')
(51.551, 6.9, 36424, 36424, 36392, 36424, 0, 'ok')
(51.604, 6.9, 36456, 36424, 36424, 36456, 0, 'ok')
(51.656, 6.9, 36424, 36456, 36456, 36424, 0, 'ok')
(51.708, 6.9, 36456, 36424, 36424, 36424, 0, 'ok')
(51.76, 6.9, 36424, 36424, 36520, 36360, 0, 'ok')
(51.813, 6.9, 36424, 36424, 36424, 36424, 0, 'ok')
(51.864, 6.9, 36424, 36392, 36424, 36456, 0, 'ok')
(51.916, 6.9, 36424, 36392, 36456, 36392, 0, 'ok')
(51.968, 6.8, 36456, 36392, 36456, 36456, 0, 'ok')
(52.021, 6.9, 36456, 36392, 36456, 36392, 0, 'ok')
(52.073, 6.9, 36424, 36424, 36456, 36424, 0, 'ok')
(52.125, 6.8, 36424, 36392, 36392, 36424, 0, 'ok')
(52.177, 6.9, 36424, 36456, 36456, 36424, 0, 'ok')
(52.229, 6.9, 36424, 36424, 36456, 36424, 0, 'ok')
(52.282, 6.9, 36456, 36424, 36456, 36392, 0, 'ok')
(52.333, 6.9, 36424, 36424, 36424, 36424, 0, 'ok')
(52.385, 6.9, 36456, 36456, 36424, 36456, 0, 'ok')
(52.436, 6.9, 36456, 36424, 36392, 36456, 0, 'ok')
(52.489, 6.9, 36456, 36424, 36456, 36424, 0, 'ok')
(52.54, 6.9, 36424, 36424, 36424, 36424, 0, 'ok')
(52.592, 6.9, 36424, 36424, 36424, 36424, 0, 'ok')
(52.644, 6.8, 36424, 36392, 36424, 36424, 0, 'ok')
(52.697, 6.8, 36424, 36424, 36424, 36424, 0, 'ok')
(52.749, 6.9, 36424, 36424, 36424, 36456, 0, 'ok')
(52.8, 6.9, 36456, 36424, 36424, 36424, 0, 'ok')
(52.853, 6.9, 36424, 36456, 36424, 36456, 0, 'ok')
(52.905, 6.9, 36424, 36456, 36424, 36424, 0, 'ok')
(52.958, 6.9, 36424, 36456, 36424, 36424, 0, 'ok')
(53.009, 6.9, 36424, 36392, 36392, 36424, 0, 'ok')
(53.062, 6.9, 36424, 36392, 36424, 36424, 0, 'ok')
(53.114, 6.8, 36424, 36392, 36456, 36392, 0, 'ok')
(53.166, 6.8, 36424, 36424, 36456, 36424, 0, 'ok')
(53.218, 6.8, 36456, 36456, 36392, 36424, 0, 'ok')
(53.271, 6.8, 36424, 36392, 36424, 36424, 0, 'ok')
(53.323, 6.7, 36424, 36424, 36424, 36424, 0, 'ok')
(53.375, 6.7, 36424, 36424, 36424, 36456, 0, 'ok')
(53.427, 6.7, 36424, 36392, 36392, 36424, 0, 'ok')
(53.48, 6.7, 36424, 36424, 36392, 36392, 0, 'ok')
(53.532, 6.6, 36424, 36424, 36456, 36456, 0, 'ok')
(53.584, 6.6, 36456, 36456, 36424, 36488, 0, 'ok')
(53.636, 6.6, 36456, 36456, 36424, 36424, 0, 'ok')
(53.689, 6.6, 36424, 36392, 36424, 36424, 0, 'ok')
(53.74, 6.5, 36424, 36392, 36424, 36424, 0, 'ok')
(53.792, 6.5, 36424, 36392, 36424, 36424, 0, 'ok')
(53.843, 6.5, 36424, 36392, 36456, 36424, 0, 'ok')
(53.896, 6.5, 36424, 36424, 36424, 36424, 0, 'ok')
(53.947, 6.5, 36424, 36392, 36456, 36424, 0, 'ok')
(54.0, 6.4, 36424, 36456, 36456, 36424, 0, 'ok')
(54.05, 6.4, 36456, 36392, 36392, 36424, 0, 'ok')
(54.103, 6.4, 36424, 36392, 36456, 36456, 0, 'ok')
(54.154, 6.4, 36424, 36424, 36392, 36456, 0, 'ok')
(54.207, 6.3, 36424, 36424, 36392, 36456, 0, 'ok')
(54.257, 6.3, 36424, 36392, 36424, 36424, 0, 'ok')
(54.31, 6.3, 36424, 36392, 36456, 36424, 0, 'ok')
(54.363, 6.3, 36424, 36424, 36392, 36456, 0, 'ok')
(54.415, 6.3, 36424, 36424, 36456, 36392, 0, 'ok')
(54.467, 6.3, 36424, 36424, 36456, 36424, 0, 'ok')
(54.519, 6.2, 36424, 36424, 36424, 36392, 0, 'ok')
(54.572, 6.2, 36424, 36392, 36392, 36424, 0, 'ok')
(54.624, 6.2, 36424, 36424, 36456, 36392, 0, 'ok')
(54.676, 6.2, 36424, 36424, 36392, 36424, 0, 'ok')
(54.728, 6.1, 36424, 36456, 36456, 36392, 0, 'ok')
(54.781, 6.1, 36424, 36424, 36488, 36424, 0, 'ok')
(54.833, 6.1, 36424, 36392, 36424, 36392, 0, 'ok')
(54.885, 6.1, 36456, 36456, 36456, 36424, 0, 'ok')
(54.937, 6.1, 36424, 36424, 36392, 36424, 0, 'ok')
(54.99, 6.0, 36456, 36360, 36520, 36456, 0, 'ok')
(55.041, 6.0, 36424, 36424, 36424, 36456, 0, 'ok')
(55.094, 6.0, 36424, 36424, 36488, 36456, 0, 'ok')
(55.146, 6.0, 36424, 36456, 36424, 36424, 0, 'ok')
(55.199, 6.0, 36424, 36392, 36392, 36424, 0, 'ok')
(55.25, 6.0, 36456, 36456, 36424, 36456, 0, 'ok')
(55.303, 5.9, 36424, 36424, 36488, 36456, 0, 'ok')
(55.354, 5.9, 36456, 36392, 36424, 36424, 0, 'ok')
(55.407, 5.9, 36424, 36424, 36456, 36456, 0, 'ok')
(55.458, 5.9, 36424, 36392, 36456, 36456, 0, 'ok')
(55.51, 5.9, 36424, 36424, 36424, 36456, 0, 'ok')
(55.561, 5.9, 36424, 36392, 36520, 36456, 0, 'ok')
(55.614, 5.8, 36456, 36424, 36424, 36456, 0, 'ok')
(55.666, 5.8, 36424, 36392, 36424, 36392, 0, 'ok')
(55.718, 5.8, 36456, 36424, 36424, 36456, 0, 'ok')
(55.771, 5.8, 36424, 36424, 36456, 36424, 0, 'ok')
(55.823, 5.8, 36424, 36424, 36424, 36424, 0, 'ok')
(55.875, 5.8, 36392, 36424, 36392, 36424, 0, 'ok')
(55.927, 5.8, 36424, 36424, 36456, 36424, 0, 'ok')
(55.98, 5.7, 36392, 36424, 36424, 36456, 0, 'ok')
(56.032, 5.7, 36424, 36424, 36488, 36360, 0, 'ok')
(56.084, 5.7, 36424, 36392, 36392, 36424, 0, 'ok')
(56.136, 5.7, 36488, 36456, 36392, 36488, 0, 'ok')
(56.189, 5.7, 36424, 36360, 36520, 36424, 0, 'ok')
(56.241, 5.7, 36424, 36424, 36488, 36424, 0, 'ok')
(56.293, 5.7, 36424, 36392, 36424, 36392, 0, 'ok')
(56.345, 5.6, 36424, 36424, 36424, 36424, 0, 'ok')
(56.398, 5.6, 36456, 36424, 36456, 36424, 0, 'ok')
(56.45, 5.6, 36424, 36392, 36488, 36392, 0, 'ok')
(56.502, 5.6, 36424, 36424, 36456, 36456, 0, 'ok')
(56.554, 5.6, 36424, 36392, 36424, 36424, 0, 'ok')
(56.607, 5.6, 36424, 36392, 36392, 36424, 0, 'ok')
(56.658, 5.6, 36424, 36392, 36424, 36424, 0, 'ok')
(56.71, 5.6, 36424, 36392, 36392, 36424, 0, 'ok')
(56.761, 5.5, 36424, 36424, 36424, 36424, 0, 'ok')
(56.814, 5.5, 36424, 36424, 36424, 36456, 0, 'ok')
(56.865, 5.5, 36424, 36392, 36456, 36456, 0, 'ok')
(56.917, 5.5, 36424, 36424, 36424, 36424, 0, 'ok')
(56.968, 5.5, 36424, 36488, 36488, 36456, 0, 'ok')
(57.021, 5.5, 36424, 36424, 36424, 36456, 0, 'ok')
(57.072, 5.5, 36424, 36424, 36424, 36424, 0, 'ok')
(57.125, 5.5, 36424, 36392, 36456, 36424, 0, 'ok')
(57.176, 5.4, 36424, 36392, 36424, 36456, 0, 'ok')
(57.229, 5.4, 36424, 36424, 36488, 36424, 0, 'ok')
(57.28, 5.4, 36424, 36392, 36424, 36456, 0, 'ok')
(57.333, 5.4, 36424, 36392, 36456, 36456, 0, 'ok')
(57.383, 5.4, 36424, 36424, 36456, 36392, 0, 'ok')
(57.436, 5.4, 36424, 36424, 36392, 36456, 0, 'ok')
(57.489, 5.4, 36424, 36456, 36456, 36424, 0, 'ok')
(57.544, 5.4, 36424, 36392, 36392, 36424, 0, 'ok')
(57.596, 5.4, 36424, 36392, 36552, 36488, 0, 'ok')
(57.649, 5.4, 36424, 36424, 36424, 36424, 0, 'ok')
(57.701, 5.3, 36424, 36424, 36392, 36456, 0, 'ok')
(57.753, 5.3, 36424, 36392, 36520, 36424, 0, 'ok')
(57.805, 5.3, 36424, 36392, 36488, 36456, 0, 'ok')
(57.858, 5.3, 36424, 36456, 36424, 36424, 0, 'ok')
(57.91, 5.3, 36392, 36392, 36488, 36424, 0, 'ok')
(57.962, 5.3, 36424, 36392, 36360, 36424, 0, 'ok')
(58.014, 5.3, 36424, 36424, 36488, 36424, 0, 'ok')
(58.067, 5.3, 36392, 36392, 36328, 36456, 0, 'ok')
(58.119, 5.3, 36392, 36424, 36424, 36488, 0, 'ok')
(58.171, 5.2, 36424, 36392, 36488, 36424, 0, 'ok')
(58.223, 5.2, 36424, 36424, 36488, 36424, 0, 'ok')
(58.276, 5.2, 36424, 36360, 36488, 36424, 0, 'ok')
(58.328, 5.2, 36392, 36424, 36392, 36456, 0, 'ok')
(58.38, 5.2, 36424, 36392, 36456, 36424, 0, 'ok')
(58.432, 5.2, 36424, 36424, 36424, 36424, 0, 'ok')
(58.485, 5.2, 36424, 36424, 36456, 36392, 0, 'ok')
(58.537, 5.2, 36424, 36392, 36424, 36424, 0, 'ok')
(58.589, 5.2, 36392, 36424, 36392, 36456, 0, 'ok')
(58.641, 5.2, 36392, 36392, 36456, 36424, 0, 'ok')
(58.694, 5.2, 36424, 36424, 36424, 36392, 0, 'ok')
(58.746, 5.2, 36488, 36392, 36488, 36456, 0, 'ok')
(58.798, 5.2, 36424, 36392, 36424, 36424, 0, 'ok')
(58.85, 5.1, 36424, 36392, 36456, 36424, 0, 'ok')
(58.903, 5.1, 36424, 36424, 36456, 36424, 0, 'ok')
(58.954, 5.1, 36424, 36392, 36424, 36392, 0, 'ok')
(59.006, 5.1, 36424, 36392, 36392, 36456, 0, 'ok')
(59.058, 5.1, 36424, 36424, 36424, 36392, 0, 'ok')
(59.111, 5.1, 36424, 36392, 36392, 36424, 0, 'ok')
(59.163, 5.1, 36392, 36456, 36488, 36424, 0, 'ok')
(59.214, 5.1, 36392, 36392, 36392, 36424, 0, 'ok')
(59.267, 5.1, 36424, 36392, 36424, 36392, 0, 'ok')
(59.319, 5.1, 36424, 36424, 36488, 36424, 0, 'ok')
(59.372, 5.1, 36392, 36392, 36456, 36424, 0, 'ok')
(59.423, 5.1, 36392, 36456, 36392, 36424, 0, 'ok')
(59.476, 5.1, 36392, 36360, 36360, 36424, 0, 'ok')
(59.528, 5.0, 36424, 36360, 36360, 36456, 0, 'ok')
(59.581, 5.0, 36424, 36392, 36424, 36424, 0, 'ok')
(59.632, 5.0, 36392, 36392, 36392, 36424, 0, 'ok')
(59.685, 5.0, 36424, 36456, 36424, 36456, 0, 'ok')
(59.737, 5.0, 36424, 36392, 36424, 36392, 0, 'ok')
(59.79, 5.0, 36392, 36392, 36360, 36424, 0, 'ok')
(59.84, 5.0, 36392, 36360, 36456, 36424, 0, 'ok')
(59.893, 5.0, 36424, 36392, 36456, 36424, 0, 'ok')
(59.946, 5.0, 36424, 36488, 36392, 36424, 0, 'ok')
(59.998, 5.0, 36456, 36392, 36424, 36424, 0, 'ok')
(60.05, 5.0, 36392, 36424, 36392, 36424, 0, 'ok')
(60.102, 5.0, 36424, 36424, 36424, 36424, 0, 'ok')
(60.154, 5.0, 36424, 36392, 36520, 36424, 0, 'ok')
(60.207, 5.0, 36392, 36424, 36424, 36424, 0, 'ok')
(60.258, 5.0, 36392, 36424, 36424, 36392, 0, 'ok')
(60.311, 5.0, 36424, 36392, 36424, 36424, 0, 'ok')
(60.362, 5.0, 36392, 36456, 36392, 36424, 0, 'ok')
(60.415, 4.9, 36424, 36424, 36488, 36392, 0, 'ok')
(60.467, 4.9, 36424, 36392, 36488, 36424, 0, 'ok')
(60.519, 4.9, 36456, 36392, 36424, 36424, 0, 'ok')
(60.572, 4.9, 36392, 36392, 36424, 36424, 0, 'ok')
(60.624, 4.9, 36392, 36424, 36424, 36456, 0, 'ok')
(60.676, 4.9, 36392, 36424, 36456, 36424, 0, 'ok')
(60.728, 4.9, 36456, 36392, 36360, 36424, 0, 'ok')
(60.781, 4.9, 36392, 36456, 36520, 36424, 0, 'ok')
(60.833, 4.9, 36392, 36392, 36520, 36424, 0, 'ok')
(60.885, 4.9, 36424, 36456, 36392, 36424, 0, 'ok')
(60.937, 4.9, 36392, 36392, 36488, 36424, 0, 'ok')
(60.99, 4.9, 36424, 36392, 36424, 36424, 0, 'ok')
(61.041, 4.9, 36392, 36424, 36488, 36456, 0, 'ok')
(61.094, 4.9, 36392, 36392, 36360, 36456, 0, 'ok')
(61.146, 4.9, 36392, 36392, 36488, 36456, 0, 'ok')
(61.199, 4.9, 36392, 36456, 36424, 36392, 0, 'ok')
(61.25, 4.9, 36392, 36424, 36360, 36424, 0, 'ok')
(61.303, 4.9, 36392, 36392, 36424, 36456, 0, 'ok')
(61.355, 4.8, 36392, 36392, 36488, 36424, 0, 'ok')
(61.408, 4.8, 36392, 36392, 36488, 36360, 0, 'ok')
(61.459, 4.8, 36392, 36392, 36456, 36424, 0, 'ok')
(61.512, 4.8, 36392, 36360, 36424, 36424, 0, 'ok')
(61.564, 4.8, 36392, 36360, 36456, 36456, 0, 'ok')
(61.617, 4.8, 36360, 36424, 36488, 36456, 0, 'ok')
(61.668, 4.8, 36392, 36424, 36392, 36456, 0, 'ok')
(61.721, 4.8, 36392, 36360, 36456, 36424, 0, 'ok')
(61.772, 4.8, 36424, 36424, 36424, 36424, 0, 'ok')
(61.825, 4.8, 36392, 36392, 36488, 36456, 0, 'ok')
(61.875, 4.8, 36424, 36360, 36392, 36424, 0, 'ok')
(61.928, 4.8, 36392, 36424, 36424, 36424, 0, 'ok')
(61.979, 4.8, 36392, 36392, 36328, 36424, 0, 'ok')
(62.032, 4.8, 36424, 36392, 36488, 36424, 0, 'ok')
(62.083, 4.8, 36392, 36360, 36520, 36392, 0, 'ok')
(62.135, 4.8, 36424, 36392, 36520, 36456, 0, 'ok')
(62.186, 4.8, 36392, 36424, 36488, 36392, 0, 'ok')
(62.239, 4.8, 36392, 36392, 36424, 36424, 0, 'ok')
(62.29, 4.8, 36392, 36392, 36424, 36392, 0, 'ok')
(62.342, 4.8, 36392, 36424, 36488, 36424, 0, 'ok')
(62.393, 4.8, 36424, 36360, 36424, 36392, 0, 'ok')
(62.446, 4.8, 36392, 36392, 36424, 36456, 0, 'ok')
(62.497, 4.8, 36424, 36424, 36424, 36424, 0, 'ok')
(62.549, 4.8, 36424, 36424, 36488, 36424, 0, 'ok')
(62.6, 4.8, 36392, 36392, 36456, 36424, 0, 'ok')
(62.653, 4.8, 36424, 36392, 36424, 36392, 0, 'ok')
(62.705, 4.8, 36392, 36424, 36456, 36424, 0, 'ok')
(62.756, 4.8, 36424, 36424, 36456, 36424, 0, 'ok')
(62.807, 4.8, 36392, 36392, 36392, 36424, 0, 'ok')
(62.86, 4.7, 36392, 36392, 36424, 36424, 0, 'ok')
(62.912, 4.8, 36392, 36360, 36488, 36424, 0, 'ok')
(62.963, 4.7, 36392, 36392, 36456, 36456, 0, 'ok')
(63.016, 4.8, 36392, 36424, 36488, 36424, 0, 'ok')
(63.068, 4.7, 36392, 36424, 36360, 36424, 0, 'ok')
(63.121, 4.7, 36424, 36424, 36456, 36456, 0, 'ok')
(63.172, 4.7, 36392, 36424, 36392, 36392, 0, 'ok')
(63.225, 4.7, 36392, 36392, 36424, 36456, 0, 'ok')
(63.277, 4.7, 36392, 36392, 36520, 36456, 0, 'ok')
(63.33, 4.7, 36392, 36392, 36488, 36424, 0, 'ok')
(63.381, 4.7, 36424, 36424, 36424, 36456, 0, 'ok')
(63.434, 4.7, 36392, 36392, 36456, 36424, 0, 'ok')
(63.486, 4.7, 36424, 36392, 36488, 36456, 0, 'ok')
(63.539, 4.7, 36392, 36424, 36360, 36424, 0, 'ok')
(63.59, 4.7, 36392, 36392, 36424, 36456, 0, 'ok')
(63.643, 4.7, 36424, 36360, 36424, 36424, 0, 'ok')
(63.695, 4.7, 36424, 36392, 36456, 36424, 0, 'ok')
(63.748, 4.7, 36392, 36424, 36424, 36424, 0, 'ok')
(63.799, 4.7, 36392, 36424, 36392, 36456, 0, 'ok')
(63.852, 4.7, 36424, 36360, 36456, 36424, 0, 'ok')
(63.904, 4.7, 36392, 36424, 36392, 36392, 0, 'ok')
(63.957, 4.7, 36392, 36424, 36392, 36392, 0, 'ok')
(64.008, 4.7, 36392, 36424, 36392, 36424, 0, 'ok')
(64.061, 4.7, 36392, 36424, 36520, 36456, 0, 'ok')
(64.113, 4.7, 36392, 36424, 36392, 36456, 0, 'ok')
(64.166, 4.7, 36392, 36424, 36392, 36456, 0, 'ok')
(64.217, 4.7, 36424, 36424, 36456, 36424, 0, 'ok')
(64.27, 4.7, 36392, 36424, 36456, 36424, 0, 'ok')
(64.322, 4.7, 36392, 36328, 36488, 36424, 0, 'ok')
(64.375, 4.7, 36392, 36392, 36424, 36456, 0, 'ok')
(64.426, 4.7, 36392, 36392, 36392, 36392, 0, 'ok')
(64.479, 4.7, 36392, 36424, 36424, 36424, 0, 'ok')
(64.531, 4.7, 36392, 36392, 36424, 36424, 0, 'ok')
(64.583, 4.7, 36392, 36456, 36360, 36456, 0, 'ok')
(64.635, 4.7, 36424, 36392, 36424, 36424, 0, 'ok')
(64.688, 4.7, 36392, 36456, 36488, 36424, 0, 'ok')
(64.74, 4.7, 36392, 36392, 36424, 36392, 0, 'ok')
(64.792, 4.7, 36424, 36392, 36488, 36392, 0, 'ok')
(64.844, 4.7, 36392, 36456, 36392, 36456, 0, 'ok')
(64.897, 4.7, 36392, 36392, 36424, 36424, 0, 'ok')
(64.949, 4.7, 36392, 36392, 36424, 36392, 0, 'ok')
(65.001, 4.7, 36392, 36424, 36424, 36392, 0, 'ok')
(65.053, 4.7, 36392, 36392, 36456, 36456, 0, 'ok')
(65.106, 4.7, 36392, 36360, 36424, 36456, 0, 'ok')
(65.158, 4.7, 36392, 36392, 36456, 36424, 0, 'ok')
(65.21, 4.7, 36360, 36424, 36392, 36360, 0, 'ok')
(65.262, 4.7, 36392, 36360, 36392, 36424, 0, 'ok')
(65.315, 4.7, 36424, 36424, 36424, 36456, 0, 'ok')
(65.367, 4.7, 36392, 36392, 36456, 36424, 0, 'ok')
(65.419, 4.7, 36424, 36424, 36456, 36424, 0, 'ok')
(65.471, 4.7, 36392, 36424, 36424, 36456, 0, 'ok')
(65.524, 4.7, 36360, 36424, 36392, 36392, 0, 'ok')
(65.575, 4.7, 36392, 36392, 36456, 36424, 0, 'ok')
(65.627, 4.7, 36392, 36392, 36488, 36424, 0, 'ok')
(65.678, 4.7, 36392, 36424, 36360, 36424, 0, 'ok')
(65.731, 4.7, 36392, 36392, 36456, 36488, 0, 'ok')
(65.782, 4.7, 36392, 36392, 36392, 36456, 0, 'ok')
(65.834, 4.7, 36424, 36392, 36456, 36456, 0, 'ok')
(65.887, 4.7, 36392, 36360, 36360, 36424, 0, 'ok')
(65.939, 4.7, 36392, 36392, 36456, 36392, 0, 'ok')
(65.992, 4.7, 36360, 36424, 36456, 36456, 0, 'ok')
(66.043, 4.7, 36392, 36392, 36392, 36456, 0, 'ok')
(66.096, 4.7, 36360, 36424, 36424, 36456, 0, 'ok')
(66.148, 4.7, 36392, 36360, 36456, 36392, 0, 'ok')
(66.201, 4.7, 36392, 36424, 36392, 36424, 0, 'ok')
(66.252, 4.7, 36424, 36392, 36392, 36488, 0, 'ok')
(66.305, 4.7, 36392, 36392, 36424, 36392, 0, 'ok')
(66.357, 4.7, 36360, 36392, 36424, 36424, 0, 'ok')
(66.41, 4.7, 36392, 36424, 36456, 36456, 0, 'ok')
(66.461, 4.7, 36392, 36392, 36424, 36392, 0, 'ok')
(66.514, 4.7, 36392, 36392, 36392, 36424, 0, 'ok')
(66.566, 4.7, 36392, 36360, 36424, 36424, 0, 'ok')
(66.619, 4.7, 36392, 36392, 36392, 36424, 0, 'ok')
(66.67, 4.7, 36392, 36392, 36488, 36456, 0, 'ok')
(66.723, 4.7, 36392, 36392, 36424, 36392, 0, 'ok')
(66.775, 4.7, 36424, 36392, 36456, 36456, 0, 'ok')
(66.828, 4.7, 36424, 36360, 36424, 36424, 0, 'ok')
(66.879, 4.7, 36392, 36360, 36360, 36392, 0, 'ok')
(66.932, 4.7, 36392, 36392, 36424, 36424, 0, 'ok')
(66.984, 4.7, 36392, 36424, 36424, 36424, 0, 'ok')
(67.037, 4.7, 36392, 36392, 36392, 36392, 0, 'ok')
(67.088, 4.7, 36360, 36360, 36424, 36424, 0, 'ok')
(67.141, 4.7, 36360, 36392, 36424, 36424, 0, 'ok')
(67.193, 4.7, 36392, 36424, 36360, 36424, 0, 'ok')
(67.246, 4.7, 36392, 36456, 36456, 36424, 0, 'ok')
(67.296, 4.7, 36392, 36424, 36392, 36488, 0, 'ok')
(67.349, 4.7, 36424, 36360, 36456, 36424, 0, 'ok')
(67.402, 4.7, 36424, 36424, 36424, 36424, 0, 'ok')
(67.454, 4.7, 36392, 36360, 36424, 36424, 0, 'ok')
(67.506, 4.7, 36360, 36392, 36456, 36424, 0, 'ok')
(67.558, 4.7, 36360, 36360, 36360, 36456, 0, 'ok')
(67.611, 4.7, 36424, 36424, 36456, 36424, 0, 'ok')
(67.663, 4.7, 36392, 36360, 36488, 36424, 0, 'ok')
(67.715, 4.7, 36424, 36392, 36456, 36424, 0, 'ok')
(67.767, 4.7, 36392, 36424, 36488, 36424, 0, 'ok')
(67.82, 4.7, 36392, 36392, 36456, 36456, 0, 'ok')
(67.872, 4.7, 36392, 36360, 36360, 36392, 0, 'ok')
(67.924, 4.7, 36392, 36392, 36392, 36424, 0, 'ok')
(67.976, 4.7, 36392, 36392, 36456, 36424, 0, 'ok')
(68.029, 4.7, 36392, 36424, 36360, 36392, 0, 'ok')
(68.081, 4.7, 36392, 36392, 36424, 36424, 0, 'ok')
(68.133, 4.7, 36360, 36360, 36424, 36456, 0, 'ok')
(68.185, 4.7, 36424, 36392, 36456, 36392, 0, 'ok')
(68.238, 4.7, 36392, 36392, 36424, 36424, 0, 'ok')
(68.29, 4.7, 36360, 36424, 36392, 36424, 0, 'ok')
(68.342, 4.7, 36392, 36392, 36424, 36424, 0, 'ok')
(68.394, 4.7, 36392, 36424, 36392, 36456, 0, 'ok')
(68.447, 4.7, 36392, 36392, 36392, 36456, 0, 'ok')
(68.499, 4.7, 36392, 36424, 36424, 36392, 0, 'ok')
(68.551, 4.7, 36392, 36392, 36392, 36424, 0, 'ok')
(68.603, 4.7, 36392, 36424, 36392, 36424, 0, 'ok')
(68.656, 4.7, 36392, 36392, 36424, 36424, 0, 'ok')
(68.708, 4.7, 36360, 36392, 36392, 36392, 0, 'ok')
(68.76, 4.7, 36360, 36392, 36392, 36424, 0, 'ok')
(68.812, 4.7, 36392, 36392, 36488, 36392, 0, 'ok')
(68.865, 4.7, 36392, 36392, 36360, 36392, 0, 'ok')
(68.916, 4.7, 36392, 36360, 36424, 36424, 0, 'ok')
(68.969, 4.7, 36392, 36424, 36424, 36424, 0, 'ok')
(69.02, 4.7, 36392, 36392, 36392, 36424, 0, 'ok')
(69.073, 4.7, 36360, 36360, 36488, 36424, 0, 'ok')
(69.124, 4.7, 36360, 36392, 36360, 36456, 0, 'ok')
(69.176, 4.7, 36392, 36392, 36424, 36424, 0, 'ok')
(69.227, 4.7, 36360, 36392, 36360, 36424, 0, 'ok')
(69.28, 4.7, 36392, 36360, 36360, 36360, 0, 'ok')
(69.331, 4.7, 36392, 36424, 36392, 36424, 0, 'ok')
(69.383, 4.7, 36392, 36360, 36424, 36456, 0, 'ok')
(69.435, 4.7, 36392, 36328, 36424, 36424, 0, 'ok')
(69.488, 4.7, 36392, 36392, 36392, 36392, 0, 'ok')
(69.54, 4.7, 36360, 36392, 36456, 36392, 0, 'ok')
(69.591, 4.7, 36360, 36392, 36360, 36424, 0, 'ok')
(69.644, 4.7, 36392, 36392, 36392, 36456, 0, 'ok')
(69.696, 4.7, 36392, 36392, 36360, 36392, 0, 'ok')
(69.749, 4.7, 36360, 36392, 36392, 36456, 0, 'ok')
(69.8, 4.7, 36392, 36392, 36392, 36392, 0, 'ok')
(69.853, 4.7, 36392, 36360, 36328, 36424, 0, 'ok')
(69.905, 4.7, 36360, 36392, 36328, 36424, 0, 'ok')
(69.958, 4.7, 36360, 36328, 36424, 36456, 0, 'ok')
(70.009, 4.7, 36392, 36360, 36392, 36424, 0, 'ok')
(70.062, 4.7, 36360, 36360, 36392, 36392, 0, 'ok')
(70.114, 4.7, 36392, 36392, 36392, 36424, 0, 'ok')
(70.166, 4.7, 36392, 36392, 36392, 36456, 0, 'ok')
(70.218, 4.7, 36392, 36392, 36456, 36392, 0, 'ok')
(70.271, 4.7, 36392, 36360, 36424, 36392, 0, 'ok')
(70.322, 4.7, 36360, 36392, 36328, 36392, 0, 'ok')
(70.375, 4.7, 36360, 36328, 36424, 36392, 0, 'ok')
(70.425, 4.7, 36360, 36360, 36328, 36424, 0, 'ok')
(70.478, 4.7, 36392, 36392, 36392, 36424, 0, 'ok')
(70.529, 4.7, 36360, 36360, 36424, 36392, 0, 'ok')
(70.582, 4.7, 36392, 36392, 36360, 36392, 0, 'ok')
(70.632, 4.7, 36392, 36360, 36424, 36456, 0, 'ok')
(70.685, 4.7, 36360, 36360, 36424, 36392, 0, 'ok')
(70.738, 4.7, 36360, 36392, 36424, 36392, 0, 'ok')
(70.79, 4.7, 36360, 36392, 36360, 36392, 0, 'ok')
(70.842, 4.7, 36360, 36392, 36456, 36392, 0, 'ok')
(70.894, 4.7, 36360, 36360, 36488, 36424, 0, 'ok')
(70.947, 4.7, 36392, 36360, 36360, 36424, 0, 'ok')
(70.999, 4.7, 36424, 36360, 36424, 36424, 0, 'ok')
(71.051, 4.7, 36392, 36392, 36424, 36456, 0, 'ok')
(71.103, 4.7, 36360, 36360, 36392, 36424, 0, 'ok')
(71.156, 4.7, 36360, 36392, 36328, 36424, 0, 'ok')
(71.208, 4.7, 36360, 36392, 36424, 36424, 0, 'ok')
(71.26, 4.7, 36360, 36392, 36456, 36392, 0, 'ok')
(71.312, 4.7, 36360, 36392, 36392, 36424, 0, 'ok')
(71.365, 4.7, 36360, 36360, 36328, 36392, 0, 'ok')
(71.416, 4.7, 36360, 36392, 36424, 36392, 0, 'ok')
(71.469, 4.7, 36392, 36392, 36360, 36392, 0, 'ok')
(71.521, 4.7, 36328, 36360, 36360, 36424, 0, 'ok')
(71.574, 4.7, 36360, 36328, 36328, 36424, 0, 'ok')
(71.625, 4.7, 36360, 36360, 36392, 36392, 0, 'ok')
(71.678, 4.7, 36392, 36392, 36360, 36392, 0, 'ok')
(71.73, 4.7, 36392, 36328, 36392, 36392, 0, 'ok')
(71.783, 4.7, 36360, 36392, 36456, 36424, 0, 'ok')
(71.833, 4.7, 36392, 36392, 36424, 36392, 0, 'ok')
(71.886, 4.7, 36392, 36392, 36392, 36424, 0, 'ok')
(71.937, 4.7, 36360, 36360, 36456, 36424, 0, 'ok')
