(618.709, 0.0, 30407, 30343, 29991, 30055, 0, 'ok')
(618.761, 0.0, 30343, 30279, 29991, 30055, 0, 'ok')
(618.814, 0.0, 30375, 30279, 29991, 30055, 0, 'ok')
(618.866, 0.0, 30343, 30311, 29991, 30055, 0, 'ok')
(618.918, 0.0, 30343, 30247, 29991, 30023, 0, 'ok')
(618.97, 0.0, 30407, 30279, 29991, 30023, 0, 'ok')
(619.023, 0.0, 30375, 30375, 29959, 30055, 0, 'ok')
(619.075, 0.0, 30375, 30247, 29991, 30055, 0, 'ok')
(619.127, 0.0, 30375, 30311, 29991, 30055, 0, 'ok')
(619.179, 0.0, 30375, 30279, 29991, 30023, 0, 'ok')
(619.232, 0.0, 30375, 30279, 29991, 30023, 0, 'ok')
(619.284, 0.0, 30375, 30343, 29991, 30023, 0, 'ok')
(619.336, 0.0, 30343, 30247, 30023, 30055, 0, 'ok')
(619.388, 0.0, 30375, 30343, 29991, 30055, 0, 'ok')
(619.441, 0.0, 30375, 30279, 29991, 30055, 0, 'ok')
(619.493, 0.0, 30343, 30279, 29991, 30055, 0, 'ok')
(619.545, 0.0, 30343, 30343, 29959, 30055, 0, 'ok')
(619.597, 0.0, 30375, 30375, 29991, 30023, 0, 'ok')
(619.649, 0.0, 30375, 30343, 29991, 30055, 0, 'ok')
(619.702, 0.0, 30407, 30311, 29991, 30023, 0, 'ok')
(619.753, 0.0, 30343, 30279, 29959, 30055, 0, 'ok')
(619.806, 0.0, 30375, 30311, 29959, 30055, 0, 'ok')
(619.858, 0.0, 30343, 30279, 29991, 30055, 0, 'ok')
(619.911, 0.0, 30407, 30279, 29991, 30055, 0, 'ok')
(619.962, 0.0, 30375, 30311, 29991, 30023, 0, 'ok')
(620.015, 0.0, 30375, 30279, 30023, 30023, 0, 'ok')
(620.067, 0.0, 30343, 30279, 29991, 30023, 0, 'ok')
(620.12, 0.0, 30375, 30311, 29991, 30023, 0, 'ok')
(620.171, 0.0, 30375, 30279, 29991, 30055, 0, 'ok')
(620.224, 0.0, 30343, 30279, 30023, 30023, 0, 'ok')
(620.276, 0.0, 30375, 30279, 29991, 30055, 0, 'ok')
(620.329, 0.0, 30375, 30279, 29991, 30023, 0, 'ok')
(620.38, 0.0, 30375, 30311, 29991, 30055, 0, 'ok')
(620.433, 0.0, 30407, 30279, 29991, 30055, 0, 'ok')
(620.485, 0.0, 30407, 30279, 29991, 30055, 0, 'ok')
(620.538, 0.0, 30375, 30279, 29991, 30023, 0, 'ok')
(620.589, 0.0, 30343, 30343, 29991, 30055, 0, 'ok')
(620.642, 0.0, 30343, 30279, 29991, 30055, 0, 'ok')
(620.693, 0.0, 30343, 30311, 29991, 30055, 0, 'ok')
(620.746, 0.0, 30375, 30311, 29991, 30055, 0, 'ok')
(620.797, 0.0, 30375, 30343, 29991, 30055, 0, 'ok')
(620.85, 0.0, 30375, 30215, 29991, 30055, 0, 'ok')
(620.902, 0.0, 30375, 30311, 30023, 30055, 0, 'ok')
(620.955, 0.0, 30407, 30311, 29991, 30055, 0, 'ok')
(621.005, 0.0, 30375, 30279, 29991, 30055, 0, 'ok')
(621.058, 0.0, 30343, 30311, 29991, 30055, 0, 'ok')
(621.109, 0.0, 30375, 30311, 29991, 30055, 0, 'ok')
(621.162, 0.0, 30375, 30247, 29991, 30023, 0, 'ok')
(621.214, 0.0, 30343, 30311, 29991, 30023, 0, 'ok')
(621.266, 0.0, 30375, 30279, 29991, 30055, 0, 'ok')
(621.319, 0.0, 30375, 30247, 29959, 30023, 0, 'ok')
(621.371, 0.0, 30343, 30247, 29991, 30055, 0, 'ok')
(621.423, 0.0, 30375, 30247, 29991, 30055, 0, 'ok')
(621.475, 0.0, 30375, 30279, 29991, 30055, 0, 'ok')
(621.528, 0.0, 30375, 30279, 29991, 30055, 0, 'ok')
(621.58, 0.0, 30375, 30311, 29959, 30055, 0, 'ok')
(621.632, 0.0, 30343, 30247, 29991, 30055, 0, 'ok')
(621.684, 0.0, 30375, 30279, 29991, 30055, 0, 'ok')
(621.737, 0.0, 30375, 30279, 29991, 30055, 0, 'ok')
(621.789, 0.0, 30375, 30215, 29959, 30055, 0, 'ok')
(621.841, 0.0, 30407, 30343, 29991, 30055, 0, 'ok')
(621.893, 0.0, 30343, 30375, 29991, 30023, 0, 'ok')
(621.946, 0.0, 30343, 30343, 29991, 30055, 0, 'ok')
(621.998, 0.0, 30343, 30311, 30023, 30023, 0, 'ok')
(622.05, 0.0, 30375, 30343, 29991, 30023, 0, 'ok')
(622.102, 0.0, 30375, 30215, 29959, 30023, 0, 'ok')
(622.155, 0.0, 30375, 30247, 29991, 30023, 0, 'ok')
(622.207, 0.0, 30343, 30279, 29991, 30055, 0, 'ok')
(622.259, 0.0, 30343, 30311, 29991, 30023, 0, 'ok')
(622.311, 0.0, 30375, 30279, 29959, 30023, 0, 'ok')
(622.364, 0.0, 30343, 30279, 29991, 30055, 0, 'ok')
(622.415, 0.0, 30375, 30375, 29991, 30055, 0, 'ok')
(622.467, 0.0, 30375, 30279, 29991, 30055, 0, 'ok')
(622.518, 0.0, 30311, 30279, 29991, 30023, 0, 'ok')
(622.571, 0.0, 30375, 30311, 29991, 30055, 0, 'ok')
(622.622, 0.0, 30343, 30343, 29991, 30055, 0, 'ok')
(622.674, 0.0, 30375, 30311, 29991, 30023, 0, 'ok')
(622.725, 0.0, 30375, 30279, 29991, 30055, 0, 'ok')
(622.778, 0.0, 30343, 30279, 29991, 30055, 0, 'ok')
(622.83, 0.0, 30343, 30279, 29991, 30055, 0, 'ok')
(622.881, 0.0, 30343, 30279, 29991, 30023, 0, 'ok')
(622.934, 0.0, 30343, 30311, 29991, 30023, 0, 'ok')
(622.986, 0.0, 30375, 30215, 29991, 30055, 0, 'ok')
(623.039, 0.0, 30343, 30311, 29991, 30023, 0, 'ok')
(623.09, 0.0, 30343, 30311, 29991, 30055, 0, 'ok')
(623.143, 0.0, 30375, 30279, 29991, 30023, 0, 'ok')
(623.195, 0.0, 30375, 30279, 29959, 30023, 0, 'ok')
(623.248, 0.0, 30343, 30311, 29991, 30055, 0, 'ok')
(623.299, 0.0, 30375, 30279, 29991, 30055, 0, 'ok')
(623.352, 0.0, 30375, 30279, 29991, 30023, 0, 'ok')
(623.404, 0.0, 30343, 30247, 29991, 30055, 0, 'ok')
(623.457, 0.0, 30375, 30311, 29991, 30055, 0, 'ok')
(623.508, 0.0, 30343, 30343, 29991, 30023, 0, 'ok')
(623.561, 0.0, 30375, 30279, 29991, 30023, 0, 'ok')
(623.613, 0.0, 30311, 30311, 29991, 30023, 0, 'ok')
(623.666, 0.0, 30375, 30279, 29991, 30055, 0, 'ok')
(623.717, 0.0, 30375, 30279, 30023, 30055, 0, 'ok')
(623.77, 0.0, 30375, 30343, 29991, 30023, 0, 'ok')
(623.822, 0.0, 30375, 30311, 29991, 30055, 0, 'ok')
(623.875, 0.0, 30343, 30279, 29959, 30055, 0, 'ok')
(623.926, 0.0, 30375, 30311, 29991, 30023, 0, 'ok')
(623.979, 0.0, 30375, 30279, 29991, 30055, 0, 'ok')
(624.031, 0.0, 30343, 30279, 29991, 30055, 0, 'ok')
(624.083, 0.0, 30375, 30311, 29991, 30055, 0, 'ok')
(624.135, 0.0, 30311, 30311, 29959, 30055, 0, 'ok')
(624.188, 0.0, 30375, 30279, 29991, 30055, 0, 'ok')
(624.24, 0.0, 30407, 30279, 29991, 30055, 0, 'ok')
(624.292, 0.0, 30375, 30311, 29991, 30023, 0, 'ok')
(624.344, 0.0, 30343, 30311, 29991, 30023, 0, 'ok')
(624.397, 0.0, 30343, 30311, 29991, 30023, 0, 'ok')
(624.449, 0.0, 30375, 30343, 29959, 30023, 0, 'ok')
(624.501, 0.0, 30343, 30279, 29991, 30055, 0, 'ok')
(624.553, 0.0, 30343, 30247, 29991, 30055, 0, 'ok')
(624.606, 0.0, 30343, 30311, 29991, 30055, 0, 'ok')
(624.658, 0.0, 30375, 30279, 29991, 30023, 0, 'ok')
(624.71, 0.0, 30375, 30311, 29927, 30055, 0, 'ok')
(624.762, 0.0, 30375, 30247, 29991, 30055, 0, 'ok')
(624.814, 0.0, 30375, 30279, 29991, 30023, 0, 'ok')
(624.867, 0.0, 30375, 30279, 29991, 30023, 0, 'ok')
(624.918, 0.0, 30375, 30311, 29991, 30023, 0, 'ok')
(624.971, 0.0, 30375, 30279, 29991, 30055, 0, 'ok')
(625.023, 0.0, 30343, 30279, 29991, 30055, 0, 'ok')
(625.076, 0.0, 30375, 30343, 29991, 30023, 0, 'ok')
(625.127, 0.0, 30375, 30279, 29991, 30023, 0, 'ok')
(625.18, 0.0, 30343, 30311, 29991, 30055, 0, 'ok')
(625.232, 0.0, 30375, 30343, 29991, 30023, 0, 'ok')
(625.285, 0.0, 30375, 30343, 29991, 30055, 0, 'ok')
(625.336, 0.0, 30343, 30311, 29991, 30055, 0, 'ok')
(625.389, 0.0, 30375, 30375, 29991, 30023, 0, 'ok')
(625.441, 0.0, 30375, 30311, 29959, 30023, 0, 'ok')
(625.494, 0.0, 30343, 30279, 29991, 30055, 0, 'ok')
(625.545, 0.0, 30343, 30311, 29991, 30023, 0, 'ok')
(625.598, 0.0, 30375, 30311, 29991, 30055, 0, 'ok')
(625.649, 0.0, 30375, 30279, 29991, 30055, 0, 'ok')
(625.702, 0.0, 30375, 30343, 29991, 30023, 0, 'ok')
(625.754, 0.0, 30343, 30311, 29991, 30055, 0, 'ok')
(625.806, 0.0, 30343, 30311, 29991, 30023, 0, 'ok')
(625.859, 0.0, 30375, 30311, 29991, 30023, 0, 'ok')
(625.911, 0.0, 30375, 30311, 29991, 30055, 0, 'ok')
(625.963, 0.0, 30343, 30279, 29991, 30055, 0, 'ok')
(626.015, 0.0, 30343, 30279, 30023, 30055, 0, 'ok')
(626.068, 0.0, 30343, 30247, 29991, 30055, 0, 'ok')
(626.12, 0.0, 30375, 30279, 29991, 30055, 0, 'ok')
(626.172, 0.0, 30375, 30247, 29959, 30023, 0, 'ok')
(626.224, 0.0, 30407, 30279, 29991, 30023, 0, 'ok')
(626.277, 0.0, 30343, 30279, 29991, 30023, 0, 'ok')
(626.329, 0.0, 30375, 30247, 29991, 30055, 0, 'ok')
(626.381, 0.0, 30343, 30247, 29991, 30055, 0, 'ok')
(626.433, 0.0, 30343, 30311, 29991, 30055, 0, 'ok')
(626.486, 0.0, 30375, 30343, 29991, 30023, 0, 'ok')
(626.538, 0.0, 30375, 30279, 29991, 30055, 0, 'ok')
(626.59, 0.0, 30343, 30247, 29991, 30055, 0, 'ok')
(626.642, 0.0, 30375, 30311, 29991, 30023, 0, 'ok')
(626.695, 0.0, 30343, 30311, 29991, 30055, 0, 'ok')
(626.746, 0.0, 30343, 30311, 29991, 30023, 0, 'ok')
(626.798, 0.0, 30375, 30279, 29991, 30023, 0, 'ok')
(626.851, 0.0, 30375, 30279, 29991, 30055, 0, 'ok')
(626.903, 0.0, 30343, 30279, 29959, 30023, 0, 'ok')
(626.956, 0.0, 30343, 30311, 29991, 30055, 0, 'ok')
(627.007, 0.0, 30375, 30311, 29959, 30023, 0, 'ok')
(627.06, 0.0, 30375, 30311, 29991, 30023, 0, 'ok')
(627.112, 0.0, 30343, 30247, 29991, 30055, 0, 'ok')
(627.165, 0.0, 30375, 30247, 29991, 30023, 0, 'ok')
(627.216, 0.0, 30407, 30279, 29991, 30055, 0, 'ok')
(627.269, 0.0, 30343, 30311, 29991, 30055, 0, 'ok')
(627.321, 0.0, 30343, 30279, 29991, 30055, 0, 'ok')
(627.374, 0.0, 30407, 30311, 29991, 30023, 0, 'ok')
(627.425, 0.0, 30375, 30247, 29991, 30023, 0, 'ok')
(627.478, 0.0, 30343, 30247, 29991, 30055, 0, 'ok')
(627.53, 0.0, 30407, 30279, 29991, 30055, 0, 'ok')
(627.583, 0.0, 30375, 30311, 30023, 30055, 0, 'ok')
(627.634, 0.0, 30343, 30279, 29991, 30023, 0, 'ok')
(627.687, 0.0, 30343, 30247, 29991, 30055, 0, 'ok')
(627.739, 0.0, 30407, 30311, 29991, 30055, 0, 'ok')
(627.791, 0.0, 30375, 30343, 29991, 30023, 0, 'ok')
(627.842, 0.0, 30375, 30311, 29959, 30055, 0, 'ok')
(627.895, 0.0, 30343, 30279, 29991, 30055, 0, 'ok')
(627.946, 0.0, 30343, 30311, 29991, 30055, 0, 'ok')
(627.999, 0.0, 30375, 30279, 29991, 30055, 0, 'ok')
(628.051, 0.0, 30311, 30279, 29991, 30023, 0, 'ok')
(628.103, 0.0, 30343, 30311, 29991, 30023, 0, 'ok')
(628.156, 0.0, 30311, 30311, 29991, 30055, 0, 'ok')
(628.208, 0.0, 30311, 30279, 29991, 30055, 0, 'ok')
(628.26, 0.0, 30375, 30311, 29991, 30055, 0, 'ok')
(628.312, 0.0, 30343, 30215, 29959, 30055, 0, 'ok')
(628.365, 0.0, 30343, 30311, 29991, 30023, 0, 'ok')
(628.416, 0.0, 30375, 30375, 29991, 30023, 0, 'ok')
(628.469, 0.0, 30343, 30247, 29991, 30023, 0, 'ok')
(628.521, 0.0, 30343, 30343, 29991, 30055, 0, 'ok')
(628.574, 0.0, 30343, 30311, 29991, 30023, 0, 'ok')
(628.625, 0.0, 30375, 30311, 29991, 30055, 0, 'ok')
(628.678, 0.0, 30343, 30247, 29991, 30023, 0, 'ok')
(628.73, 0.0, 30407, 30279, 29991, 30023, 0, 'ok')
(628.783, 0.0, 30343, 30343, 29991, 30023, 0, 'ok')
(628.834, 0.0, 30375, 30343, 29991, 30055, 0, 'ok')
(628.887, 0.0, 30343, 30279, 29991, 30055, 0, 'ok')
(628.939, 0.0, 30375, 30247, 29991, 30055, 0, 'ok')
(628.992, 0.0, 30343, 30279, 29959, 30055, 0, 'ok')
(629.043, 0.0, 30375, 30311, 29991, 30055, 0, 'ok')
(629.096, 0.0, 30343, 30311, 29959, 30055, 0, 'ok')
(629.148, 0.0, 30375, 30343, 29991, 30023, 0, 'ok')
(629.201, 0.0, 30343, 30247, 29991, 30055, 0, 'ok')
(629.252, 0.0, 30343, 30247, 29991, 30055, 0, 'ok')
(629.305, 0.0, 30343, 30343, 29991, 30023, 0, 'ok')
(629.357, 0.0, 30375, 30247, 29991, 30023, 0, 'ok')
(629.41, 0.0, 30375, 30311, 29991, 30055, 0, 'ok')
(629.461, 0.0, 30375, 30279, 29991, 30023, 0, 'ok')
(629.514, 0.0, 30343, 30343, 29991, 30023, 0, 'ok')
(629.566, 0.0, 30375, 30279, 29959, 30055, 0, 'ok')
(629.619, 0.0, 30343, 30215, 30023, 30023, 0, 'ok')
(629.669, 0.0, 30343, 30311, 29991, 30055, 0, 'ok')
(629.722, 0.0, 30343, 30279, 29991, 30023, 0, 'ok')
(629.773, 0.0, 30375, 30311, 29959, 30023, 0, 'ok')
(629.826, 0.0, 30375, 30311, 29959, 30055, 0, 'ok')
(629.878, 0.0, 30375, 30311, 29991, 30055, 0, 'ok')
(629.93, 0.0, 30343, 30279, 29991, 30023, 0, 'ok')
(629.983, 0.0, 30375, 30343, 29991, 30023, 0, 'ok')
(630.035, 0.0, 30343, 30183, 30023, 30023, 0, 'ok')
(630.087, 0.0, 30343, 30247, 29991, 30055, 0, 'ok')
(630.139, 0.0, 30343, 30279, 29991, 30055, 0, 'ok')
(630.192, 0.0, 30343, 30311, 29959, 30055, 0, 'ok')
(630.244, 0.0, 30311, 30247, 29991, 30023, 0, 'ok')
(630.296, 0.0, 30375, 30311, 29959, 30023, 0, 'ok')
(630.348, 0.0, 30375, 30311, 29959, 30055, 0, 'ok')
(630.401, 0.0, 30375, 30247, 29991, 30023, 0, 'ok')
(630.453, 0.0, 30375, 30279, 29991, 30055, 0, 'ok')
(630.508, 0.0, 30375, 30343, 29991, 30023, 0, 'ok')
(630.561, 0.0, 30375, 30279, 29991, 30055, 0, 'ok')
(630.612, 0.0, 30407, 30311, 29959, 30055, 0, 'ok')
(630.665, 0.0, 30343, 30279, 29991, 30023, 0, 'ok')
(630.715, 0.0, 30343, 30343, 29959, 30055, 0, 'ok')
(630.768, 0.0, 30375, 30279, 29991, 30023, 0, 'ok')
(630.819, 0.0, 30343, 30247, 29991, 30023, 0, 'ok')
(630.872, 0.0, 30375, 30279, 29959, 30023, 0, 'ok')
(630.922, 0.0, 30311, 30279, 29991, 30023, 0, 'ok')
(630.975, 0.0, 30343, 30279, 29959, 30055, 0, 'ok')
(631.026, 0.0, 30343, 30375, 29991, 30055, 0, 'ok')
(631.079, 0.0, 30343, 30311, 29991, 30023, 0, 'ok')
(631.129, 0.0, 30375, 30279, 29991, 30023, 0, 'ok')
(631.182, 0.0, 30375, 30279, 29991, 30023, 0, 'ok')
(631.234, 0.0, 30375, 30311, 29991, 30055, 0, 'ok')
(631.287, 0.0, 30375, 30279, 29991, 30055, 0, 'ok')
(631.337, 0.0, 30311, 30375, 29959, 30055, 0, 'ok')
(631.39, 0.0, 30375, 30311, 29991, 30055, 0, 'ok')
(631.441, 0.0, 30343, 30311, 29991, 30055, 0, 'ok')
(631.494, 0.0, 30343, 30279, 29991, 30055, 0, 'ok')
(631.544, 0.0, 30343, 30247, 29991, 30023, 0, 'ok')
(631.597, 0.0, 30375, 30279, 29991, 30023, 0, 'ok')
(631.65, 0.0, 30375, 30215, 29991, 30055, 0, 'ok')
(631.702, 0.0, 30375, 30279, 29991, 30023, 0, 'ok')
(631.754, 0.0, 30375, 30247, 29991, 30023, 0, 'ok')
(631.806, 0.0, 30375, 30247, 29991, 30023, 0, 'ok')
(631.859, 0.0, 30343, 30279, 29991, 30023, 0, 'ok')
(631.911, 0.0, 30343, 30247, 29959, 30055, 0, 'ok')
(631.963, 0.0, 30343, 30247, 29991, 30055, 0, 'ok')
(632.015, 0.0, 30375, 30311, 29991, 30023, 0, 'ok')
(632.068, 0.0, 30343, 30343, 29991, 30055, 0, 'ok')
(632.12, 0.0, 30375, 30311, 30023, 30055, 0, 'ok')
(632.172, 0.0, 30343, 30311, 29959, 30055, 0, 'ok')
(632.224, 0.0, 30375, 30375, 29991, 30055, 0, 'ok')
(632.277, 0.0, 30375, 30247, 29991, 30023, 0, 'ok')
(632.329, 0.0, 30343, 30343, 29959, 30055, 0, 'ok')
(632.381, 0.0, 30343, 30247, 29991, 30023, 0, 'ok')
(632.433, 0.0, 30343, 30279, 29959, 30055, 0, 'ok')
(632.486, 0.0, 30375, 30279, 29991, 30055, 0, 'ok')
(632.537, 0.0, 30375, 30247, 29991, 30023, 0, 'ok')
(632.589, 0.0, 30343, 30343, 29991, 30023, 0, 'ok')
(632.642, 0.0, 30375, 30311, 29959, 30055, 0, 'ok')
(632.694, 0.0, 30343, 30311, 29991, 30055, 0, 'ok')
(632.747, 0.0, 30375, 30343, 29991, 30055, 0, 'ok')
(632.798, 0.0, 30343, 30311, 29959, 30023, 0, 'ok')
(632.851, 0.0, 30343, 30279, 29991, 30023, 0, 'ok')
(632.903, 0.0, 30375, 30279, 29991, 30023, 0, 'ok')
(632.956, 0.0, 30311, 30247, 29959, 30023, 0, 'ok')
(633.007, 0.0, 30375, 30279, 29991, 30055, 0, 'ok')
(633.06, 0.0, 30375, 30311, 29991, 30055, 0, 'ok')
(633.112, 0.0, 30343, 30215, 29991, 30023, 0, 'ok')
(633.165, 0.0, 30343, 30279, 29959, 30055, 0, 'ok')
(633.215, 0.0, 30375, 30247, 29991, 30055, 0, 'ok')
(633.268, 0.0, 30375, 30247, 29991, 30055, 0, 'ok')
(633.321, 0.0, 30375, 30247, 29959, 30023, 0, 'ok')
(633.373, 0.0, 30343, 30279, 29991, 30055, 0, 'ok')
(633.425, 0.0, 30375, 30311, 29959, 30055, 0, 'ok')
(633.477, 0.0, 30343, 30311, 29991, 30055, 0, 'ok')
(633.53, 0.0, 30375, 30279, 29991, 30023, 0, 'ok')
(633.582, 0.0, 30343, 30311, 29991, 30023, 0, 'ok')
(633.634, 0.0, 30375, 30279, 29959, 30023, 0, 'ok')
(633.686, 0.0, 30343, 30279, 29991, 30023, 0, 'ok')
(633.739, 0.0, 30343, 30279, 29959, 30055, 0, 'ok')
(633.791, 0.0, 30343, 30311, 29959, 30055, 0, 'ok')
(633.843, 0.0, 30311, 30279, 29959, 30055, 0, 'ok')
(633.895, 0.0, 30375, 30279, 29991, 30023, 0, 'ok')
(633.948, 0.0, 30375, 30215, 29991, 29991, 0, 'ok')
(634.0, 0.0, 30343, 30247, 29991, 30055, 0, 'ok')
(634.052, 0.0, 30343, 30311, 29991, 30055, 0, 'ok')
(634.104, 0.0, 30343, 30343, 29991, 30023, 0, 'ok')
(634.157, 0.0, 30343, 30279, 29991, 30055, 0, 'ok')
(634.208, 0.0, 30375, 30279, 29991, 30023, 0, 'ok')
(634.261, 0.0, 30375, 30343, 29991, 30023, 0, 'ok')
(634.313, 0.0, 30375, 30215, 29991, 30023, 0, 'ok')
(634.366, 0.0, 30375, 30311, 29959, 30055, 0, 'ok')
(634.417, 0.0, 30407, 30343, 29959, 30023, 0, 'ok')
(634.47, 0.0, 30375, 30247, 29959, 30055, 0, 'ok')
(634.522, 0.0, 30343, 30279, 29991, 30023, 0, 'ok')
(634.575, 0.0, 30343, 30343, 29991, 30055, 0, 'ok')
(634.625, 0.0, 30343, 30247, 29991, 30023, 0, 'ok')
(634.678, 0.0, 30375, 30311, 29959, 30055, 0, 'ok')
(634.729, 0.0, 30343, 30311, 29991, 30055, 0, 'ok')
(634.782, 0.0, 30375, 30247, 29991, 30023, 0, 'ok')
(634.834, 0.0, 30343, 30279, 29959, 30055, 0, 'ok')
(634.886, 0.0, 30343, 30343, 29959, 30023, 0, 'ok')
(634.939, 0.0, 30375, 30247, 29991, 30023, 0, 'ok')
(634.991, 0.0, 30375, 30247, 29991, 30023, 0, 'ok')
(635.043, 0.0, 30375, 30279, 29959, 30023, 0, 'ok')
(635.095, 0.0, 30343, 30279, 29991, 30055, 0, 'ok')
(635.148, 0.0, 30343, 30279, 29959, 30023, 0, 'ok')
(635.2, 0.0, 30343, 30279, 29991, 30055, 0, 'ok')
(635.252, 0.0, 30375, 30279, 29959, 30023, 0, 'ok')
(635.304, 0.0, 30375, 30247, 29959, 30055, 0, 'ok')
(635.357, 0.0, 30343, 30215, 29991, 30023, 0, 'ok')
(635.409, 0.0, 30375, 30247, 29991, 30023, 0, 'ok')
(635.46, 0.0, 30343, 30247, 29991, 30023, 0, 'ok')
(635.513, 0.0, 30343, 30247, 29991, 30023, 0, 'ok')
(635.565, 0.0, 30375, 30247, 29991, 30023, 0, 'ok')
(635.618, 0.0, 30343, 30311, 29959, 30055, 0, 'ok')
(635.669, 0.0, 30343, 30279, 29991, 30023, 0, 'ok')
(635.722, 0.0, 30343, 30343, 29991, 30055, 0, 'ok')
(635.774, 0.0, 30375, 30279, 29959, 30055, 0, 'ok')
(635.827, 0.0, 30311, 30279, 29959, 30023, 0, 'ok')
(635.878, 0.0, 30375, 30215, 29991, 30023, 0, 'ok')
(635.931, 0.0, 30343, 30311, 29959, 30023, 0, 'ok')
(635.983, 0.0, 30343, 30279, 29959, 30055, 0, 'ok')
(636.035, 0.0, 30407, 30311, 29959, 30023, 0, 'ok')
(636.086, 0.0, 30343, 30247, 29959, 30023, 0, 'ok')
(636.139, 0.0, 30375, 30215, 29991, 30023, 0, 'ok')
(636.191, 0.0, 30375, 30279, 29991, 30055, 0, 'ok')
(636.244, 0.0, 30343, 30279, 29959, 30023, 0, 'ok')
(636.295, 0.0, 30375, 30279, 29959, 30055, 0, 'ok')
(636.348, 0.0, 30375, 30311, 29959, 30055, 0, 'ok')
(636.4, 0.0, 30375, 30311, 29991, 30055, 0, 'ok')
(636.453, 0.0, 30375, 30343, 29959, 30023, 0, 'ok')
(636.504, 0.0, 30375, 30279, 29991, 30055, 0, 'ok')
(636.557, 0.0, 30343, 30311, 29959, 30023, 0, 'ok')
(636.609, 0.0, 30343, 30311, 29959, 30023, 0, 'ok')
(636.662, 0.0, 30375, 30247, 29991, 30055, 0, 'ok')
(636.713, 0.0, 30375, 30279, 29959, 30023, 0, 'ok')
(636.766, 0.0, 30311, 30343, 29991, 30023, 0, 'ok')
(636.818, 0.0, 30375, 30279, 29959, 30023, 0, 'ok')
(636.871, 0.0, 30343, 30215, 29991, 30023, 0, 'ok')
(636.922, 0.0, 30343, 30279, 29959, 30055, 0, 'ok')
(636.975, 0.0, 30343, 30215, 29959, 30055, 0, 'ok')
(637.027, 0.0, 30343, 30311, 29959, 30023, 0, 'ok')
(637.08, 0.0, 30375, 30215, 29959, 30023, 0, 'ok')
(637.13, 0.0, 30375, 30247, 29991, 30023, 0, 'ok')
(637.183, 0.0, 30343, 30279, 29991, 30055, 0, 'ok')
(637.234, 0.0, 30375, 30279, 29991, 30023, 0, 'ok')
(637.287, 0.0, 30375, 30311, 29991, 30055, 0, 'ok')
(637.337, 0.0, 30375, 30247, 29959, 30023, 0, 'ok')
(637.39, 0.0, 30343, 30279, 29959, 30055, 0, 'ok')
(637.442, 0.0, 30343, 30279, 29959, 30023, 0, 'ok')
(637.495, 0.0, 30343, 30183, 29959, 30023, 0, 'ok')
(637.547, 0.0, 30343, 30215, 29991, 30023, 0, 'ok')
(637.599, 0.0, 30375, 30343, 29991, 30055, 0, 'ok')
(637.652, 0.0, 30311, 30247, 29959, 30023, 0, 'ok')
(637.704, 0.0, 30343, 30311, 29991, 30023, 0, 'ok')
(637.756, 0.0, 30375, 30311, 29991, 30023, 0, 'ok')
(637.808, 0.0, 30375, 30279, 29991, 30023, 0, 'ok')
(637.861, 0.0, 30407, 30375, 29959, 30023, 0, 'ok')
(637.913, 0.0, 30343, 30279, 29991, 30023, 0, 'ok')
(637.965, 0.0, 30375, 30279, 29991, 30023, 0, 'ok')
(638.017, 0.0, 30375, 30247, 29959, 30023, 0, 'ok')
(638.07, 0.0, 30343, 30247, 29959, 30023, 0, 'ok')
(638.122, 0.0, 30343, 30343, 29991, 30023, 0, 'ok')
(638.174, 0.0, 30375, 30279, 29991, 30023, 0, 'ok')
(638.226, 0.0, 30343, 30311, 29991, 30023, 0, 'ok')
(638.279, 0.0, 30311, 30247, 29959, 30023, 0, 'ok')
(638.331, 0.0, 30343, 30279, 29959, 30023, 0, 'ok')
(638.382, 0.0, 30375, 30247, 29959, 30023, 0, 'ok')
(638.435, 0.0, 30343, 30279, 29959, 30055, 0, 'ok')
(638.487, 0.0, 30311, 30311, 29959, 30023, 0, 'ok')
(638.54, 0.0, 30343, 30279, 29959, 30055, 0, 'ok')
(638.591, 0.0, 30343, 30279, 29991, 30023, 0, 'ok')
(638.644, 0.0, 30343, 30247, 29991, 30055, 0, 'ok')
(638.696, 0.0, 30343, 30279, 29959, 30023, 0, 'ok')
(638.749, 0.0, 30375, 30279, 29991, 30055, 0, 'ok')
(638.8, 0.0, 30343, 30311, 29991, 30023, 0, 'ok')
(638.853, 0.0, 30343, 30247, 29959, 30055, 0, 'ok')
(638.905, 0.0, 30375, 30279, 29959, 30055, 0, 'ok')
(638.958, 0.0, 30375, 30279, 29991, 30055, 0, 'ok')
(639.009, 0.0, 30343, 30247, 29959, 30023, 0, 'ok')
(639.062, 0.0, 30343, 30215, 29959, 30055, 0, 'ok')
(639.114, 0.0, 30343, 30247, 29991, 30055, 0, 'ok')
(639.166, 0.0, 30343, 30247, 29991, 30023, 0, 'ok')
(639.218, 0.0, 30343, 30247, 29991, 30023, 0, 'ok')
(639.271, 0.0, 30375, 30311, 29991, 30055, 0, 'ok')
(639.323, 0.0, 30343, 30311, 29991, 30055, 0, 'ok')
(639.375, 0.0, 30343, 30279, 29959, 30023, 0, 'ok')
(639.427, 0.0, 30375, 30311, 29959, 30023, 0, 'ok')
(639.48, 0.0, 30343, 30247, 29959, 30055, 0, 'ok')
(639.532, 0.0, 30343, 30279, 29959, 30023, 0, 'ok')
(639.584, 0.0, 30375, 30247, 29959, 30023, 0, 'ok')
(639.636, 0.0, 30343, 30311, 29959, 30023, 0, 'ok')
(639.689, 0.0, 30407, 30311, 29959, 30023, 0, 'ok')
(639.741, 0.0, 30375, 30279, 29959, 30023, 0, 'ok')
(639.793, 0.0, 30375, 30247, 29959, 30023, 0, 'ok')
(639.844, 0.0, 30375, 30247, 29991, 30023, 0, 'ok')
(639.897, 0.0, 30343, 30215, 29959, 30055, 0, 'ok')
(639.949, 0.0, 30375, 30311, 29991, 30023, 0, 'ok')
(640.001, 0.0, 30407, 30311, 29991, 30055, 0, 'ok')
(640.053, 0.0, 30407, 30215, 29959, 30023, 0, 'ok')
(640.106, 0.0, 30311, 30375, 29959, 30055, 0, 'ok')
(640.158, 0.0, 30375, 30311, 29991, 30055, 0, 'ok')
(640.21, 0.0, 30343, 30311, 29959, 30055, 0, 'ok')
(640.262, 0.0, 30343, 30247, 29991, 30055, 0, 'ok')
(640.315, 0.0, 30375, 30279, 29927, 30023, 0, 'ok')
(640.367, 0.0, 30343, 30215, 29991, 30055, 0, 'ok')
(640.419, 0.0, 30375, 30247, 29991, 30023, 0, 'ok')
(640.471, 0.0, 30375, 30247, 29991, 30023, 0, 'ok')
(640.524, 0.0, 30343, 30247, 29959, 30023, 0, 'ok')
(640.576, 0.0, 30343, 30279, 29991, 30023, 0, 'ok')
(640.628, 0.0, 30343, 30247, 29959, 30023, 0, 'ok')
(640.679, 0.0, 30375, 30311, 29959, 30023, 0, 'ok')
(640.732, 0.0, 30343, 30247, 29991, 30023, 0, 'ok')
(640.783, 0.0, 30343, 30247, 29991, 30023, 0, 'ok')
(640.835, 0.0, 30375, 30279, 29959, 30055, 0, 'ok')
(640.888, 0.0, 30311, 30311, 29959, 30023, 0, 'ok')
(640.94, 0.0, 30375, 30311, 29991, 30055, 0, 'ok')
(640.993, 0.0, 30375, 30279, 29991, 30023, 0, 'ok')
(641.044, 0.0, 30343, 30311, 29991, 30023, 0, 'ok')
(641.097, 0.0, 30375, 30215, 29959, 30023, 0, 'ok')
(641.149, 0.0, 30343, 30311, 29959, 30023, 0, 'ok')
(641.202, 0.0, 30375, 30279, 29991, 30055, 0, 'ok')
(641.252, 0.0, 30343, 30215, 29959, 30023, 0, 'ok')
(641.305, 0.0, 30343, 30247, 29991, 30023, 0, 'ok')
(641.357, 0.0, 30343, 30247, 29959, 30023, 0, 'ok')
(641.41, 0.0, 30343, 30279, 29959, 30023, 0, 'ok')
(641.46, 0.0, 30343, 30311, 29991, 30055, 0, 'ok')
(641.513, 0.0, 30343, 30279, 29959, 30055, 0, 'ok')
(641.566, 0.0, 30343, 30279, 29991, 30055, 0, 'ok')
(641.618, 0.0, 30343, 30279, 29959, 30023, 0, 'ok')
(641.67, 0.0, 30375, 30279, 29991, 30023, 0, 'ok')
(641.722, 0.0, 30375, 30343, 29959, 30023, 0, 'ok')
(641.775, 0.0, 30375, 30343, 29991, 30023, 0, 'ok')
(641.827, 0.0, 30343, 30247, 29991, 30055, 0, 'ok')
(641.879, 0.0, 30375, 30247, 29959, 30055, 0, 'ok')
(641.931, 0.0, 30375, 30311, 29959, 30055, 0, 'ok')
(641.984, 0.0, 30407, 30215, 29991, 30023, 0, 'ok')
(642.036, 0.0, 30343, 30215, 29991, 30023, 0, 'ok')
(642.088, 0.0, 30343, 30247, 29991, 30055, 0, 'ok')
(642.14, 0.0, 30375, 30343, 29991, 30023, 0, 'ok')
(642.193, 0.0, 30343, 30311, 29959, 30023, 0, 'ok')
(642.245, 0.0, 30407, 30279, 29959, 30055, 0, 'ok')
(642.297, 0.0, 30311, 30375, 29991, 30023, 0, 'ok')
(642.349, 0.0, 30343, 30247, 29959, 30023, 0, 'ok')
(642.402, 0.0, 30375, 30279, 29959, 30023, 0, 'ok')
(642.453, 0.0, 30343, 30215, 29959, 30023, 0, 'ok')
(642.505, 0.0, 30343, 30183, 29959, 30023, 0, 'ok')
(642.556, 0.0, 30311, 30279, 29991, 30023, 0, 'ok')
(642.609, 0.0, 30375, 30279, 29991, 30023, 0, 'ok')
(642.66, 0.0, 30311, 30311, 29959, 30023, 0, 'ok')
(642.712, 0.0, 30343, 30279, 29959, 30055, 0, 'ok')
(642.764, 0.0, 30343, 30279, 29959, 30023, 0, 'ok')
(642.816, 0.0, 30343, 30279, 29959, 30023, 0, 'ok')
(642.869, 0.0, 30279, 30215, 29991, 30023, 0, 'ok')
(642.92, 0.0, 30343, 30343, 29959, 30023, 0, 'ok')
(642.973, 0.0, 30343, 30247, 29991, 30023, 0, 'ok')
(643.025, 0.0, 30375, 30311, 29959, 30023, 0, 'ok')
(643.078, 0.0, 30343, 30343, 29991, 30023, 0, 'ok')
(643.129, 0.0, 30375, 30311, 29959, 30023, 0, 'ok')
(643.182, 0.0, 30375, 30311, 29991, 30023, 0, 'ok')
(643.234, 0.0, 30375, 30343, 29991, 30055, 0, 'ok')
(643.287, 0.0, 30343, 30279, 29959, 30055, 0, 'ok')
(643.338, 0.0, 30343, 30311, 29959, 30055, 0, 'ok')
(643.391, 0.0, 30311, 30247, 29959, 30055, 0, 'ok')
(643.443, 0.0, 30343, 30215, 29959, 30023, 0, 'ok')
(643.496, 0.0, 30343, 30247, 29959, 30023, 0, 'ok')
(643.546, 0.0, 30343, 30279, 29991, 30023, 0, 'ok')
(643.599, 0.0, 30375, 30247, 29991, 30023, 0, 'ok')
(643.651, 0.0, 30343, 30183, 29991, 30023, 0, 'ok')
(643.704, 0.0, 30343, 30247, 29991, 30023, 0, 'ok')
(643.754, 0.0, 30343, 30311, 29991, 30023, 0, 'ok')
(643.807, 0.0, 30375, 30279, 29959, 30023, 0, 'ok')
(643.858, 0.0, 30343, 30215, 29991, 30023, 0, 'ok')
(643.911, 0.0, 30375, 30311, 29959, 30023, 0, 'ok')
(643.961, 0.0, 30311, 30247, 29991, 30023, 0, 'ok')
(644.014, 0.0, 30343, 30247, 29959, 30023, 0, 'ok')
(644.065, 0.0, 30343, 30311, 29959, 30023, 0, 'ok')
(644.118, 0.0, 30375, 30311, 29959, 30055, 0, 'ok')
(644.168, 0.0, 30375, 30247, 29959, 30023, 0, 'ok')
(644.221, 0.0, 30279, 30279, 29959, 30055, 0, 'ok')
(644.272, 0.0, 30343, 30311, 29991, 30023, 0, 'ok')
(644.325, 0.0, 30343, 30247, 29991, 30023, 0, 'ok')
(644.376, 0.0, 30375, 30343, 29959, 30055, 0, 'ok')
(644.429, 0.0, 30343, 30247, 29959, 30023, 0, 'ok')
(644.481, 0.0, 30375, 30311, 29991, 30023, 0, 'ok')
(644.534, 0.0, 30343, 30279, 29959, 30023, 0, 'ok')
(644.585, 0.0, 30343, 30311, 29991, 30023, 0, 'ok')
(644.638, 0.0, 30375, 30247, 29959, 30055, 0, 'ok')
(644.69, 0.0, 30375, 30183, 29959, 30023, 0, 'ok')
(644.743, 0.0, 30343, 30247, 29959, 30023, 0, 'ok')
(644.794, 0.0, 30343, 30247, 29991, 30023, 0, 'ok')
(644.847, 0.0, 30343, 30247, 29959, 30023, 0, 'ok')
(644.898, 0.0, 30375, 30247, 29959, 30055, 0, 'ok')
(644.951, 0.0, 30343, 30311, 29959, 30023, 0, 'ok')
(645.001, 0.0, 30343, 30279, 29959, 30055, 0, 'ok')
(645.054, 0.0, 30375, 30279, 29959, 30023, 0, 'ok')
(645.105, 0.0, 30343, 30343, 29991, 30023, 0, 'ok')
(645.158, 0.0, 30343, 30247, 29991, 30023, 0, 'ok')
(645.208, 0.0, 30375, 30247, 29959, 30023, 0, 'ok')
(645.261, 0.0, 30343, 30247, 29991, 30023, 0, 'ok')
(645.314, 0.0, 30343, 30311, 29959, 30023, 0, 'ok')
(645.366, 0.0, 30375, 30279, 29991, 30055, 0, 'ok')
(645.418, 0.0, 30375, 30279, 29991, 30023, 0, 'ok')
(645.47, 0.0, 30375, 30375, 29991, 30023, 0, 'ok')
(645.523, 0.0, 30343, 30311, 29991, 30055, 0, 'ok')
(645.575, 0.0, 30375, 30279, 29959, 30023, 0, 'ok')
(645.627, 0.0, 30343, 30247, 29991, 30023, 0, 'ok')
(645.679, 0.0, 30343, 30247, 29991, 29991, 0, 'ok')
(645.732, 0.0, 30343, 30311, 29991, 30055, 0, 'ok')
(645.784, 0.0, 30311, 30279, 29991, 30023, 0, 'ok')
(645.836, 0.0, 30343, 30247, 29991, 30055, 0, 'ok')
(645.888, 0.0, 30375, 30215, 29959, 30055, 0, 'ok')
(645.941, 0.0, 30343, 30311, 29959, 30023, 0, 'ok')
(645.993, 0.0, 30375, 30247, 29991, 30023, 0, 'ok')
(646.045, 0.0, 30375, 30247, 29959, 30023, 0, 'ok')
(646.096, 0.0, 30343, 30183, 29959, 30023, 0, 'ok')
(646.149, 0.0, 30343, 30279, 29959, 30023, 0, 'ok')
(646.2, 0.0, 30343, 30215, 29959, 30023, 0, 'ok')
(646.252, 0.0, 30375, 30311, 29991, 30055, 0, 'ok')
(646.303, 0.0, 30343, 30215, 29959, 30055, 0, 'ok')
(646.356, 0.0, 30343, 30247, 29991, 29991, 0, 'ok')
(646.407, 0.0, 30343, 30247, 29959, 30023, 0, 'ok')
(646.459, 0.0, 30343, 30215, 29959, 30023, 0, 'ok')
(646.511, 0.0, 30343, 30311, 29991, 30023, 0, 'ok')
(646.563, 0.0, 30343, 30311, 29959, 30023, 0, 'ok')
(646.616, 0.0, 30343, 30247, 29959, 30023, 0, 'ok')
(646.667, 0.0, 30343, 30247, 29991, 30023, 0, 'ok')
(646.72, 0.0, 30343, 30215, 29991, 30023, 0, 'ok')
(646.772, 0.0, 30375, 30279, 29959, 30023, 0, 'ok')
(646.825, 0.0, 30375, 30311, 29959, 30023, 0, 'ok')
(646.876, 0.0, 30343, 30247, 29959, 30055, 0, 'ok')
(646.929, 0.0, 30343, 30215, 29959, 30023, 0, 'ok')
(646.981, 0.0, 30311, 30279, 29991, 30023, 0, 'ok')
(647.034, 0.0, 30375, 30247, 29959, 30023, 0, 'ok')
(647.085, 0.0, 30311, 30215, 29991, 30055, 0, 'ok')
(647.138, 0.0, 30343, 30279, 29959, 30023, 0, 'ok')
(647.19, 0.0, 30343, 30311, 29991, 30055, 0, 'ok')
(647.243, 0.0, 30375, 30247, 29959, 30023, 0, 'ok')
(647.293, 0.0, 30375, 30279, 29959, 30023, 0, 'ok')
(647.346, 0.0, 30343, 30279, 29959, 30023, 0, 'ok')
(647.399, 0.0, 30343, 30215, 29991, 30023, 0, 'ok')
(647.451, 0.0, 30343, 30279, 29959, 30023, 0, 'ok')
(647.503, 0.0, 30343, 30279, 29991, 30055, 0, 'ok')
(647.555, 0.0, 30375, 30247, 29959, 30023, 0, 'ok')
(647.608, 0.0, 30343, 30247, 29959, 30023, 0, 'ok')
(647.66, 0.0, 30343, 30343, 29959, 30023, 0, 'ok')
(647.712, 0.0, 30375, 30247, 29959, 30023, 0, 'ok')
(647.764, 0.0, 30375, 30311, 29991, 30023, 0, 'ok')
(647.817, 0.0, 30343, 30215, 29959, 30023, 0, 'ok')
(647.868, 0.0, 30311, 30183, 29959, 30055, 0, 'ok')
(647.92, 0.0, 30343, 30215, 29959, 30023, 0, 'ok')
(647.972, 0.0, 30343, 30215, 29959, 30023, 0, 'ok')
(648.025, 0.0, 30343, 30311, 29959, 30023, 0, 'ok')
(648.077, 0.0, 30375, 30247, 29959, 30023, 0, 'ok')
(648.128, 0.0, 30311, 30247, 29991, 30023, 0, 'ok')
(648.181, 0.0, 30375, 30343, 29959, 30023, 0, 'ok')
(648.233, 0.0, 30375, 30279, 29991, 30023, 0, 'ok')
(648.286, 0.0, 30343, 30247, 29959, 30023, 0, 'ok')
(648.337, 0.0, 30375, 30311, 29959, 30023, 0, 'ok')
(648.39, 0.0, 30311, 30247, 29959, 30023, 0, 'ok')
(648.442, 0.0, 30343, 30247, 29959, 30023, 0, 'ok')
(648.495, 0.0, 30343, 30247, 29959, 30023, 0, 'ok')
(648.546, 0.0, 30343, 30247, 29959, 30023, 0, 'ok')
(648.599, 0.0, 30343, 30247, 29991, 30055, 0, 'ok')
(648.651, 0.0, 30343, 30279, 29959, 30023, 0, 'ok')
(648.704, 0.0, 30343, 30247, 29959, 30055, 0, 'ok')
(648.755, 0.0, 30375, 30247, 29959, 30023, 0, 'ok')
(648.808, 0.0, 30343, 30279, 29959, 30023, 0, 'ok')
(648.86, 0.0, 30343, 30311, 29959, 30023, 0, 'ok')
(648.913, 0.0, 30375, 30343, 29959, 30023, 0, 'ok')
(648.964, 0.0, 30375, 30279, 29959, 30023, 0, 'ok')
(649.017, 0.0, 30343, 30279, 29991, 30023, 0, 'ok')
(649.069, 0.0, 30375, 30279, 29959, 30023, 0, 'ok')
(649.122, 0.0, 30343, 30215, 29959, 30023, 0, 'ok')
(649.173, 0.0, 30343, 30279, 29927, 30023, 0, 'ok')
(649.226, 0.0, 30343, 30311, 29991, 30023, 0, 'ok')
(649.278, 0.0, 30343, 30311, 29959, 30055, 0, 'ok')
(649.331, 0.0, 30343, 30247, 29959, 30023, 0, 'ok')
(649.382, 0.0, 30407, 30279, 29959, 30023, 0, 'ok')
(649.435, 0.0, 30343, 30279, 29959, 30023, 0, 'ok')
(649.487, 0.0, 30311, 30247, 29991, 30023, 0, 'ok')
(649.54, 0.0, 30375, 30279, 29959, 30023, 0, 'ok')
(649.59, 0.0, 30375, 30279, 29959, 30023, 0, 'ok')
(649.643, 0.0, 30343, 30247, 29959, 30023, 0, 'ok')
(649.694, 0.0, 30375, 30343, 29991, 30023, 0, 'ok')
(649.747, 0.0, 30311, 30215, 29991, 30023, 0, 'ok')
(649.797, 0.0, 30343, 30247, 29959, 30023, 0, 'ok')
(649.85, 0.0, 30375, 30279, 29959, 30055, 0, 'ok')
(649.901, 0.0, 30375, 30311, 29991, 30023, 0, 'ok')
(649.954, 0.0, 30311, 30375, 29959, 30023, 0, 'ok')
(650.004, 0.0, 30343, 30279, 29959, 30023, 0, 'ok')
(650.057, 0.0, 30343, 30311, 29959, 30023, 0, 'ok')
(650.109, 0.0, 30343, 30247, 29959, 30055, 0, 'ok')
(650.162, 0.0, 30375, 30247, 29959, 30023, 0, 'ok')
(650.212, 0.0, 30375, 30311, 29959, 30023, 0, 'ok')
(650.265, 0.0, 30311, 30279, 29959, 30023, 0, 'ok')
(650.317, 0.0, 30311, 30311, 29991, 30023, 0, 'ok')
(650.37, 0.0, 30343, 30279, 29959, 30023, 0, 'ok')
(650.422, 0.0, 30343, 30215, 29959, 30023, 0, 'ok')
(650.474, 0.0, 30343, 30279, 29991, 30055, 0, 'ok')
(650.527, 0.0, 30375, 30279, 29991, 30023, 0, 'ok')
(650.579, 0.0, 30375, 30247, 29991, 30023, 0, 'ok')
(650.631, 0.0, 30343, 30247, 29959, 30023, 0, 'ok')
(650.683, 0.0, 30343, 30279, 29959, 30055, 0, 'ok')
(650.736, 0.0, 30343, 30247, 29991, 30023, 0, 'ok')
(650.788, 0.0, 30407, 30279, 29959, 30023, 0, 'ok')
(650.84, 0.0, 30375, 30247, 29991, 30023, 0, 'ok')
(650.892, 0.0, 30375, 30247, 29959, 30023, 0, 'ok')
(650.945, 0.0, 30375, 30375, 29959, 30023, 0, 'ok')
(650.997, 0.0, 30343, 30247, 29991, 30023, 0, 'ok')
(651.049, 0.0, 30343, 30311, 29959, 30023, 0, 'ok')
(651.101, 0.0, 30343, 30247, 29959, 30023, 0, 'ok')
(651.154, 0.0, 30343, 30343, 29959, 30023, 0, 'ok')
(651.206, 0.0, 30343, 30311, 29959, 30023, 0, 'ok')
(651.258, 0.0, 30343, 30279, 29927, 30023, 0, 'ok')
(651.31, 0.0, 30311, 30247, 29959, 30023, 0, 'ok')
(651.363, 0.0, 30343, 30247, 29959, 30023, 0, 'ok')
(651.415, 0.0, 30343, 30279, 29959, 30023, 0, 'ok')
(651.467, 0.0, 30343, 30311, 29991, 30023, 0, 'ok')
(651.52, 0.0, 30375, 30247, 29959, 30023, 0, 'ok')
(651.572, 0.0, 30375, 30247, 29991, 30023, 0, 'ok')
(651.625, 0.0, 30343, 30279, 29959, 30023, 0, 'ok')
(651.676, 0.0, 30375, 30279, 29959, 29991, 0, 'ok')
(651.729, 0.0, 30343, 30279, 29959, 30023, 0, 'ok')
(651.781, 0.0, 30343, 30279, 29959, 30023, 0, 'ok')
(651.833, 0.0, 30311, 30247, 29991, 30055, 0, 'ok')
(651.885, 0.0, 30311, 30247, 29959, 30023, 0, 'ok')
(651.938, 0.0, 30311, 30247, 29959, 30023, 0, 'ok')
(651.99, 0.0, 30343, 30311, 29959, 30023, 0, 'ok')
(652.042, 0.0, 30343, 30311, 29959, 30023, 0, 'ok')
(652.094, 0.0, 30407, 30279, 29991, 30055, 0, 'ok')
(652.147, 0.0, 30343, 30279, 29959, 30023, 0, 'ok')
(652.199, 0.0, 30375, 30247, 29959, 30023, 0, 'ok')
(652.251, 0.0, 30343, 30247, 29959, 30023, 0, 'ok')
(652.302, 0.0, 30343, 30279, 29959, 29991, 0, 'ok')
(652.355, 0.0, 30375, 30279, 29959, 30023, 0, 'ok')
(652.407, 0.0, 30343, 30247, 29959, 30055, 0, 'ok')
(652.459, 0.0, 30375, 30311, 29959, 30023, 0, 'ok')
(652.51, 0.0, 30375, 30279, 29959, 30023, 0, 'ok')
(652.563, 0.0, 30343, 30215, 29959, 30023, 0, 'ok')
(652.614, 0.0, 30343, 30247, 29927, 30023, 0, 'ok')
(652.666, 0.0, 30343, 30279, 29959, 30023, 0, 'ok')
(652.718, 0.0, 30343, 30279, 29959, 29991, 0, 'ok')
(652.77, 0.0, 30343, 30247, 29991, 29991, 0, 'ok')
(652.823, 0.0, 30343, 30279, 29959, 30023, 0, 'ok')
(652.875, 0.0, 30375, 30311, 29959, 30023, 0, 'ok')
(652.927, 0.0, 30375, 30215, 29959, 30023, 0, 'ok')
(652.979, 0.0, 30311, 30247, 29959, 30023, 0, 'ok')
(653.032, 0.0, 30343, 30279, 29959, 30023, 0, 'ok')
(653.083, 0.0, 30343, 30279, 29959, 30023, 0, 'ok')
(653.136, 0.0, 30375, 30247, 29959, 30023, 0, 'ok')
(653.188, 0.0, 30343, 30343, 29991, 30023, 0, 'ok')
(653.241, 0.0, 30375, 30247, 29927, 30023, 0, 'ok')
(653.292, 0.0, 30343, 30311, 29959, 30023, 0, 'ok')
(653.345, 0.0, 30311, 30215, 29991, 30023, 0, 'ok')
(653.397, 0.0, 30311, 30183, 29959, 30023, 0, 'ok')
(653.45, 0.0, 30375, 30247, 29959, 30023, 0, 'ok')
(653.501, 0.0, 30343, 30279, 29959, 30023, 0, 'ok')
(653.554, 0.0, 30375, 30279, 29959, 30023, 0, 'ok')
(653.606, 0.0, 30311, 30311, 29959, 30023, 0, 'ok')
(653.659, 0.0, 30343, 30247, 29991, 30023, 0, 'ok')
(653.71, 0.0, 30343, 30279, 29959, 30023, 0, 'ok')
(653.763, 0.0, 30375, 30247, 29959, 29991, 0, 'ok')
(653.815, 0.0, 30343, 30279, 29959, 30023, 0, 'ok')
(653.868, 0.0, 30343, 30247, 29959, 30023, 0, 'ok')
(653.918, 0.0, 30375, 30215, 29959, 30055, 0, 'ok')
(653.971, 0.0, 30343, 30247, 29959, 30023, 0, 'ok')
(654.023, 0.0, 30375, 30215, 29959, 30023, 0, 'ok')
(654.076, 0.0, 30375, 30279, 29959, 29991, 0, 'ok')
(654.128, 0.0, 30343, 30279, 29959, 30023, 0, 'ok')
(654.18, 0.0, 30375, 30279, 29959, 30055, 0, 'ok')
(654.233, 0.0, 30375, 30247, 29927, 30023, 0, 'ok')
(654.285, 0.0, 30375, 30279, 29959, 30023, 0, 'ok')
(654.337, 0.0, 30375, 30215, 29991, 30023, 0, 'ok')
(654.389, 0.0, 30375, 30247, 29959, 30023, 0, 'ok')
(654.442, 0.0, 30343, 30311, 29959, 30023, 0, 'ok')
(654.494, 0.0, 30311, 30247, 29959, 30023, 0, 'ok')
(654.546, 0.0, 30343, 30247, 29959, 30023, 0, 'ok')
(654.598, 0.0, 30311, 30247, 29959, 29991, 0, 'ok')
(654.651, 0.0, 30375, 30279, 29959, 30023, 0, 'ok')
(654.703, 0.0, 30375, 30247, 29959, 30023, 0, 'ok')
(654.755, 0.0, 30343, 30279, 29959, 30023, 0, 'ok')
(654.806, 0.0, 30375, 30279, 29959, 30023, 0, 'ok')
(654.859, 0.0, 30375, 30279, 29991, 30023, 0, 'ok')
(654.91, 0.0, 30375, 30311, 29959, 30023, 0, 'ok')
(654.962, 0.0, 30343, 30279, 29959, 29991, 0, 'ok')
(655.014, 0.0, 30311, 30279, 29959, 30023, 0, 'ok')
(655.067, 0.0, 30311, 30279, 29991, 30023, 0, 'ok')
(655.118, 0.0, 30343, 30279, 29959, 30023, 0, 'ok')
(655.17, 0.0, 30375, 30247, 29991, 30023, 0, 'ok')
(655.221, 0.0, 30343, 30247, 29959, 30023, 0, 'ok')
(655.274, 0.0, 30375, 30247, 29991, 30023, 0, 'ok')
(655.325, 0.0, 30311, 30247, 29991, 30023, 0, 'ok')
(655.377, 0.0, 30343, 30247, 29959, 30023, 0, 'ok')
(655.429, 0.0, 30375, 30279, 29991, 30023, 0, 'ok')
(655.482, 0.0, 30375, 30215, 29959, 30023, 0, 'ok')
(655.533, 0.0, 30343, 30247, 29959, 29991, 0, 'ok')
(655.585, 0.0, 30343, 30247, 29959, 30023, 0, 'ok')
(655.636, 0.0, 30343, 30247, 29959, 29991, 0, 'ok')
(655.689, 0.0, 30375, 30215, 29991, 30023, 0, 'ok')
(655.741, 0.0, 30343, 30279, 29959, 30023, 0, 'ok')
(655.793, 0.0, 30311, 30279, 29959, 30023, 0, 'ok')
(655.845, 0.0, 30343, 30279, 29991, 30023, 0, 'ok')
(655.898, 0.0, 30375, 30311, 29991, 30023, 0, 'ok')
(655.949, 0.0, 30343, 30279, 29959, 30023, 0, 'ok')
(656.001, 0.0, 30343, 30311, 29959, 30023, 0, 'ok')
(656.053, 0.0, 30375, 30279, 29959, 30023, 0, 'ok')
(656.106, 0.0, 30311, 30247, 29991, 30023, 0, 'ok')
(656.159, 0.0, 30375, 30343, 29959, 30023, 0, 'ok')
(656.21, 0.0, 30343, 30279, 29959, 30023, 0, 'ok')
(656.263, 0.0, 30343, 30247, 29959, 30023, 0, 'ok')
(656.315, 0.0, 30311, 30279, 29959, 30023, 0, 'ok')
(656.368, 0.0, 30375, 30279, 29959, 30023, 0, 'ok')
(656.418, 0.0, 30375, 30343, 29959, 29991, 0, 'ok')
(656.471, 0.0, 30375, 30279, 29959, 30023, 0, 'ok')
(656.523, 0.0, 30343, 30343, 29959, 30023, 0, 'ok')
(656.576, 0.0, 30343, 30311, 29959, 30023, 0, 'ok')
(656.626, 0.0, 30343, 30343, 29959, 30023, 0, 'ok')
(656.679, 0.0, 30343, 30311, 29959, 30055, 0, 'ok')
(656.73, 0.0, 30343, 30311, 29959, 29991, 0, 'ok')
(656.783, 0.0, 30375, 30343, 29991, 29991, 0, 'ok')
(656.834, 0.0, 30343, 30375, 29991, 30023, 0, 'ok')
(656.886, 0.0, 30343, 30343, 29959, 30023, 0, 'ok')
(656.939, 0.0, 30343, 30375, 29959, 29991, 0, 'ok')
(656.991, 0.0, 30343, 30407, 29959, 30023, 0, 'ok')
(657.043, 0.0, 30343, 30375, 29959, 30023, 0, 'ok')
(657.095, 0.0, 30343, 30375, 29991, 30023, 0, 'ok')
(657.148, 0.0, 30343, 30375, 29959, 30023, 0, 'ok')
(657.2, 0.0, 30375, 30375, 29959, 30023, 0, 'ok')
(657.252, 0.0, 30375, 30471, 29959, 29991, 0, 'ok')
(657.304, 0.0, 30343, 30471, 29959, 30023, 0, 'ok')
(657.357, 0.0, 30375, 30407, 29991, 30023, 0, 'ok')
(657.409, 0.0, 30375, 30407, 29959, 30023, 0, 'ok')
(657.461, 0.0, 30375, 30439, 29959, 30023, 0, 'ok')
(657.513, 0.0, 30343, 30439, 29959, 30023, 0, 'ok')
(657.566, 0.0, 30311, 30439, 29991, 30023, 0, 'ok')
(657.618, 0.0, 30343, 30439, 29959, 29991, 0, 'ok')
(657.67, 0.0, 30343, 30471, 29991, 29991, 0, 'ok')
(657.722, 0.0, 30375, 30471, 29991, 30023, 0, 'ok')
(657.775, 0.0, 30311, 30439, 29991, 30023, 0, 'ok')
(657.827, 0.0, 30343, 30503, 29959, 30023, 0, 'ok')
(657.879, 0.0, 30343, 30439, 29959, 30023, 0, 'ok')
(657.931, 0.0, 30343, 30503, 29991, 30023, 0, 'ok')
(657.984, 0.0, 30375, 30471, 29959, 30023, 0, 'ok')
(658.035, 0.0, 30343, 30471, 29959, 30023, 0, 'ok')
(658.087, 0.0, 30343, 30471, 29959, 29991, 0, 'ok')
(658.14, 0.0, 30343, 30471, 29959, 29991, 0, 'ok')
(658.192, 0.0, 30343, 30471, 29959, 30023, 0, 'ok')
(658.245, 0.0, 30375, 30503, 29959, 30023, 0, 'ok')
(658.296, 0.0, 30343, 30439, 29959, 30023, 0, 'ok')
(658.349, 0.0, 30311, 30439, 29959, 29991, 0, 'ok')
(658.401, 0.0, 30343, 30503, 29959, 29991, 0, 'ok')
(658.454, 0.0, 30343, 30503, 29959, 30023, 0, 'ok')
(658.505, 0.0, 30343, 30471, 29959, 30023, 0, 'ok')
(658.558, 0.0, 30343, 30567, 29959, 30023, 0, 'ok')
(658.61, 0.0, 30375, 30503, 29959, 29991, 0, 'ok')
(658.663, 0.0, 30407, 30503, 29959, 30023, 0, 'ok')
(658.714, 0.0, 30311, 30471, 29959, 30023, 0, 'ok')
(658.767, 0.0, 30375, 30471, 29959, 30023, 0, 'ok')
(658.819, 0.0, 30343, 30503, 29991, 30023, 0, 'ok')
(658.872, 0.0, 30311, 30503, 29959, 30023, 0, 'ok')
(658.923, 0.0, 30343, 30535, 29991, 30023, 0, 'ok')
(658.976, 0.0, 30343, 30439, 29959, 30023, 0, 'ok')
(659.028, 0.0, 30343, 30471, 29959, 30023, 0, 'ok')
(659.081, 0.0, 30343, 30407, 29959, 30023, 0, 'ok')
(659.132, 0.0, 30343, 30503, 29959, 30023, 0, 'ok')
(659.185, 0.0, 30311, 30471, 29959, 30023, 0, 'ok')
(659.237, 0.0, 30343, 30471, 29959, 30023, 0, 'ok')
(659.29, 0.0, 30311, 30567, 29959, 29991, 0, 'ok')
(659.341, 0.0, 30375, 30503, 29959, 30023, 0, 'ok')
(659.394, 0.0, 30343, 30471, 29959, 30023, 0, 'ok')
(659.445, 0.0, 30375, 30471, 29927, 30023, 0, 'ok')
(659.498, 0.0, 30311, 30471, 29959, 30023, 0, 'ok')
(659.549, 0.0, 30343, 30503, 29991, 30023, 0, 'ok')
(659.601, 0.0, 30311, 30471, 29959, 30023, 0, 'ok')
(659.654, 0.0, 30375, 30535, 29959, 29991, 0, 'ok')
(659.706, 0.0, 30343, 30535, 29959, 29991, 0, 'ok')
(659.758, 0.0, 30343, 30535, 29991, 30023, 0, 'ok')
(659.81, 0.0, 30343, 30503, 29959, 30023, 0, 'ok')
(659.863, 0.0, 30375, 30503, 29959, 30023, 0, 'ok')
(659.915, 0.0, 30343, 30471, 29959, 30023, 0, 'ok')
(659.967, 0.0, 30343, 30535, 29959, 30023, 0, 'ok')
(660.019, 0.0, 30343, 30535, 29959, 30023, 0, 'ok')
(660.072, 0.0, 30343, 30503, 29959, 30023, 0, 'ok')
(660.124, 0.0, 30343, 30535, 29959, 30023, 0, 'ok')
(660.176, 0.0, 30375, 30471, 29959, 29991, 0, 'ok')
(660.228, 0.0, 30343, 30471, 29959, 29991, 0, 'ok')
(660.281, 0.0, 30343, 30503, 29991, 29991, 0, 'ok')
(660.333, 0.0, 30375, 30567, 29959, 30023, 0, 'ok')
(660.385, 0.0, 30311, 30503, 29959, 30023, 0, 'ok')
(660.437, 0.0, 30343, 30503, 29959, 30023, 0, 'ok')
(660.49, 0.0, 30343, 30535, 29959, 30023, 0, 'ok')
(660.541, 0.0, 30343, 30503, 29959, 30023, 0, 'ok')
(660.594, 0.0, 30375, 30471, 29959, 29991, 0, 'ok')
(660.646, 0.0, 30311, 30567, 29959, 29991, 0, 'ok')
(660.699, 0.0, 30343, 30471, 29991, 30023, 0, 'ok')
(660.75, 0.0, 30311, 30535, 29959, 30023, 0, 'ok')
(660.803, 0.0, 30343, 30535, 29991, 30023, 0, 'ok')
(660.855, 0.0, 30375, 30503, 29991, 30023, 0, 'ok')
(660.908, 0.0, 30311, 30567, 29959, 29991, 0, 'ok')
(660.959, 0.0, 30343, 30535, 29959, 30023, 0, 'ok')
(661.012, 0.0, 30343, 30567, 29991, 30023, 0, 'ok')
(661.064, 0.0, 30343, 30599, 29959, 30023, 0, 'ok')
(661.117, 0.0, 30343, 30599, 29991, 30023, 0, 'ok')
(661.168, 0.0, 30343, 30535, 29991, 29991, 0, 'ok')
(661.221, 0.0, 30343, 30535, 29959, 30023, 0, 'ok')
(661.273, 0.0, 30375, 30503, 29959, 30023, 0, 'ok')
(661.326, 0.0, 30375, 30535, 29991, 30023, 0, 'ok')
(661.377, 0.0, 30343, 30567, 29959, 30023, 0, 'ok')
(661.43, 0.0, 30343, 30567, 29991, 30023, 0, 'ok')
(661.482, 0.0, 30343, 30503, 29991, 30023, 0, 'ok')
(661.535, 0.0, 30343, 30535, 29927, 30023, 0, 'ok')
(661.586, 0.0, 30311, 30567, 29959, 30023, 0, 'ok')
(661.639, 0.0, 30375, 30567, 29959, 30023, 0, 'ok')
(661.691, 0.0, 30375, 30535, 29991, 30023, 0, 'ok')
(661.744, 0.0, 30343, 30567, 29959, 30023, 0, 'ok')
(661.795, 0.0, 30343, 30535, 29959, 30023, 0, 'ok')
(661.848, 0.0, 30343, 30567, 29991, 30023, 0, 'ok')
(661.9, 0.0, 30343, 30535, 29959, 30023, 0, 'ok')
(661.953, 0.0, 30343, 30503, 29959, 30023, 0, 'ok')
(662.004, 0.0, 30343, 30503, 29959, 29991, 0, 'ok')
(662.057, 0.0, 30343, 30535, 29991, 30023, 0, 'ok')
(662.109, 0.0, 30343, 30471, 29991, 30023, 0, 'ok')
(662.162, 0.0, 30311, 30535, 29959, 30023, 0, 'ok')
(662.212, 0.0, 30375, 30535, 29991, 30023, 0, 'ok')
(662.265, 0.0, 30375, 30503, 29959, 30023, 0, 'ok')
(662.317, 0.0, 30343, 30535, 29991, 30023, 0, 'ok')
(662.37, 0.0, 30343, 30535, 29959, 30023, 0, 'ok')
(662.421, 0.0, 30311, 30567, 29991, 30023, 0, 'ok')
(662.474, 0.0, 30375, 30599, 29991, 30023, 0, 'ok')
(662.526, 0.0, 30343, 30599, 29991, 29991, 0, 'ok')
(662.579, 0.0, 30375, 30503, 29959, 30023, 0, 'ok')
(662.63, 0.0, 30343, 30535, 29991, 30023, 0, 'ok')
(662.683, 0.0, 30343, 30599, 29991, 30023, 0, 'ok')
(662.735, 0.0, 30343, 30503, 29959, 29991, 0, 'ok')
(662.788, 0.0, 30311, 30567, 29959, 30023, 0, 'ok')
(662.839, 0.0, 30375, 30503, 29959, 30023, 0, 'ok')
(662.892, 0.0, 30311, 30503, 29991, 29991, 0, 'ok')
(662.944, 0.0, 30311, 30503, 29959, 30023, 0, 'ok')
(662.997, 0.0, 30311, 30535, 29991, 30023, 0, 'ok')
(663.048, 0.0, 30343, 30535, 29959, 30023, 0, 'ok')
(663.101, 0.0, 30343, 30503, 29991, 30023, 0, 'ok')
(663.153, 0.0, 30375, 30471, 29991, 30023, 0, 'ok')
(663.206, 0.0, 30343, 30567, 29959, 30023, 0, 'ok')
(663.257, 0.0, 30343, 30503, 29959, 30023, 0, 'ok')
(663.31, 0.0, 30311, 30535, 29959, 30023, 0, 'ok')
(663.362, 0.0, 30343, 30567, 29959, 30023, 0, 'ok')
(663.415, 0.0, 30343, 30535, 29991, 30023, 0, 'ok')
(663.466, 0.0, 30311, 30535, 29991, 30023, 0, 'ok')
(663.519, 0.0, 30343, 30503, 29991, 30023, 0, 'ok')
(663.571, 0.0, 30343, 30567, 29991, 29991, 0, 'ok')
(663.624, 0.0, 30343, 30535, 29959, 30023, 0, 'ok')
(663.675, 0.0, 30343, 30471, 29991, 29991, 0, 'ok')
(663.728, 0.0, 30343, 30503, 29991, 30023, 0, 'ok')
(663.78, 0.0, 30343, 30567, 29991, 30023, 0, 'ok')
(663.833, 0.0, 30375, 30503, 29959, 30023, 0, 'ok')
(663.884, 0.0, 30343, 30599, 29959, 30023, 0, 'ok')
(663.937, 0.0, 30343, 30599, 29959, 30023, 0, 'ok')
(663.989, 0.0, 30343, 30567, 29991, 29991, 0, 'ok')
(664.041, 0.0, 30343, 30535, 29959, 30023, 0, 'ok')
(664.092, 0.0, 30311, 30567, 29991, 30023, 0, 'ok')
(664.145, 0.0, 30343, 30599, 29991, 30023, 0, 'ok')
(664.196, 0.0, 30375, 30439, 29991, 30023, 0, 'ok')
(664.249, 0.0, 30311, 30535, 29959, 30023, 0, 'ok')
(664.301, 0.0, 30343, 30471, 29959, 30023, 0, 'ok')
(664.353, 0.0, 30375, 30471, 29959, 30023, 0, 'ok')
(664.406, 0.0, 30375, 30567, 29991, 30023, 0, 'ok')
(664.458, 0.0, 30343, 30535, 29991, 30023, 0, 'ok')
(664.51, 0.0, 30343, 30567, 29991, 29991, 0, 'ok')
(664.562, 0.0, 30311, 30503, 29991, 30023, 0, 'ok')
(664.615, 0.0, 30343, 30535, 29959, 29991, 0, 'ok')
(664.666, 0.0, 30311, 30503, 29959, 30023, 0, 'ok')
(664.719, 0.0, 30375, 30567, 29991, 29991, 0, 'ok')
(664.771, 0.0, 30343, 30503, 29991, 30023, 0, 'ok')
(664.824, 0.0, 30343, 30503, 29959, 30023, 0, 'ok')
(664.875, 0.0, 30375, 30503, 29991, 30023, 0, 'ok')
(664.927, 0.0, 30343, 30535, 29959, 29991, 0, 'ok')
(664.979, 0.0, 30343, 30503, 29959, 30023, 0, 'ok')
(665.031, 0.0, 30343, 30599, 29959, 30023, 0, 'ok')
(665.083, 0.0, 30343, 30503, 29991, 30023, 0, 'ok')
(665.135, 0.0, 30343, 30567, 29959, 29991, 0, 'ok')
(665.188, 0.0, 30311, 30535, 29991, 30023, 0, 'ok')
(665.24, 0.0, 30343, 30503, 29991, 29991, 0, 'ok')
(665.292, 0.0, 30343, 30503, 29991, 30023, 0, 'ok')
(665.344, 0.0, 30311, 30567, 29991, 30023, 0, 'ok')
(665.397, 0.0, 30343, 30535, 29959, 30023, 0, 'ok')
(665.449, 0.0, 30343, 30471, 29991, 30023, 0, 'ok')
(665.501, 0.0, 30311, 30567, 29959, 30023, 0, 'ok')
(665.553, 0.0, 30375, 30503, 29991, 29991, 0, 'ok')
(665.606, 0.0, 30343, 30503, 29959, 30023, 0, 'ok')
(665.658, 0.0, 30311, 30567, 29991, 30023, 0, 'ok')
(665.71, 0.0, 30343, 30567, 29991, 30023, 0, 'ok')
(665.762, 0.0, 30343, 30503, 29959, 30023, 0, 'ok')
(665.815, 0.0, 30343, 30535, 29991, 29991, 0, 'ok')
(665.867, 0.0, 30375, 30503, 29959, 29991, 0, 'ok')
(665.919, 0.0, 30343, 30535, 29991, 30023, 0, 'ok')
(665.971, 0.0, 30311, 30567, 29959, 30023, 0, 'ok')
(666.024, 0.0, 30311, 30567, 29991, 30023, 0, 'ok')
(666.076, 0.0, 30343, 30567, 29959, 30023, 0, 'ok')
(666.128, 0.0, 30343, 30503, 29991, 29991, 0, 'ok')
(666.18, 0.0, 30375, 30535, 29959, 30023, 0, 'ok')
(666.233, 0.0, 30343, 30535, 29959, 30023, 0, 'ok')
(666.285, 0.0, 30343, 30535, 29959, 30023, 0, 'ok')
(666.337, 0.0, 30343, 30471, 29991, 30023, 0, 'ok')
(666.388, 0.0, 30343, 30535, 29991, 29991, 0, 'ok')
(666.441, 0.0, 30343, 30535, 29991, 30023, 0, 'ok')
(666.492, 0.0, 30375, 30535, 29959, 30023, 0, 'ok')
(666.544, 0.0, 30311, 30535, 29991, 30023, 0, 'ok')
(666.596, 0.0, 30375, 30503, 29959, 30023, 0, 'ok')
(666.649, 0.0, 30343, 30535, 29959, 30023, 0, 'ok')
(666.7, 0.0, 30343, 30631, 29959, 30023, 0, 'ok')
(666.752, 0.0, 30311, 30535, 29959, 30023, 0, 'ok')
(666.804, 0.0, 30343, 30535, 29991, 29991, 0, 'ok')
(666.857, 0.0, 30343, 30471, 29959, 30023, 0, 'ok')
(666.908, 0.0, 30375, 30535, 29959, 30023, 0, 'ok')
(666.96, 0.0, 30343, 30471, 29991, 30023, 0, 'ok')
(667.013, 0.0, 30343, 30599, 29959, 30023, 0, 'ok')
(667.065, 0.0, 30343, 30567, 29991, 30023, 0, 'ok')
(667.118, 0.0, 30343, 30503, 29959, 30023, 0, 'ok')
