(1569.21, 0.0, 30407, 30791, 30119, 30247, 0, 'ok')
(1569.26, 0.0, 30343, 30791, 30119, 30247, 0, 'ok')
(1569.32, 0.0, 30375, 30791, 30119, 30279, 0, 'ok')
(1569.37, 0.0, 30343, 30791, 30119, 30279, 0, 'ok')
(1569.42, 0.0, 30407, 30791, 30119, 30247, 0, 'ok')
(1569.47, 0.0, 30375, 30823, 30119, 30279, 0, 'ok')
(1569.53, 0.0, 30375, 30791, 30119, 30279, 0, 'ok')
(1569.58, 0.0, 30375, 30791, 30119, 30279, 0, 'ok')
(1569.63, 0.0, 30375, 30791, 30119, 30247, 0, 'ok')
(1569.68, 0.0, 30407, 30823, 30087, 30247, 0, 'ok')
(1569.74, 0.0, 30407, 30855, 30119, 30279, 0, 'ok')
(1569.79, 0.0, 30407, 30823, 30119, 30279, 0, 'ok')
(1569.84, 0.0, 30407, 30759, 30087, 30279, 0, 'ok')
(1569.89, 0.0, 30343, 30855, 30119, 30247, 0, 'ok')
(1569.94, 0.0, 30407, 30759, 30119, 30279, 0, 'ok')
(1570.0, 0.0, 30375, 30823, 30119, 30247, 0, 'ok')
(1570.05, 0.0, 30375, 30823, 30119, 30279, 0, 'ok')
(1570.1, 0.0, 30375, 30855, 30087, 30279, 0, 'ok')
(1570.15, 0.0, 30375, 30791, 30119, 30247, 0, 'ok')
(1570.21, 0.0, 30375, 30855, 30087, 30279, 0, 'ok')
(1570.26, 0.0, 30407, 30791, 30119, 30279, 0, 'ok')
(1570.31, 0.0, 30375, 30791, 30119, 30279, 0, 'ok')
(1570.36, 0.0, 30375, 30791, 30087, 30279, 0, 'ok')
(1570.41, 0.0, 30407, 30759, 30087, 30279, 0, 'ok')
(1570.46, 0.0, 30407, 30791, 30087, 30247, 0, 'ok')
(1570.52, 0.0, 30407, 30791, 30119, 30247, 0, 'ok')
(1570.57, 0.0, 30375, 30791, 30119, 30247, 0, 'ok')
(1570.62, 0.0, 30407, 30759, 30087, 30247, 0, 'ok')
(1570.67, 0.0, 30407, 30823, 30119, 30279, 0, 'ok')
(1570.73, 0.0, 30375, 30759, 30087, 30247, 0, 'ok')
(1570.78, 0.0, 30407, 30855, 30119, 30279, 0, 'ok')
(1570.83, 0.0, 30375, 30823, 30119, 30279, 0, 'ok')
(1570.88, 0.0, 30407, 30823, 30119, 30279, 0, 'ok')
(1570.94, 0.0, 30375, 30823, 30119, 30279, 0, 'ok')
(1570.99, 0.0, 30407, 30855, 30119, 30279, 0, 'ok')
(1571.04, 0.0, 30375, 30759, 30087, 30279, 0, 'ok')
(1571.09, 0.0, 30375, 30823, 30119, 30247, 0, 'ok')
(1571.14, 0.0, 30407, 30855, 30119, 30247, 0, 'ok')
(1571.2, 0.0, 30375, 30791, 30119, 30279, 0, 'ok')
(1571.25, 0.0, 30407, 30823, 30119, 30279, 0, 'ok')
(1571.3, 0.0, 30407, 30791, 30087, 30279, 0, 'ok')
(1571.35, 0.0, 30375, 30823, 30119, 30279, 0, 'ok')
(1571.41, 0.0, 30375, 30855, 30087, 30247, 0, 'ok')
(1571.46, 0.0, 30343, 30791, 30087, 30279, 0, 'ok')
(1571.51, 0.0, 30375, 30823, 30119, 30279, 0, 'ok')
(1571.56, 0.0, 30375, 30791, 30119, 30279, 0, 'ok')
(1571.61, 0.0, 30407, 30791, 30119, 30247, 0, 'ok')
(1571.67, 0.0, 30375, 30791, 30119, 30279, 0, 'ok')
(1571.72, 0.0, 30407, 30791, 30119, 30279, 0, 'ok')
(1571.77, 0.0, 30407, 30823, 30087, 30247, 0, 'ok')
(1571.82, 0.0, 30375, 30759, 30119, 30279, 0, 'ok')
(1571.88, 0.0, 30407, 30791, 30087, 30247, 0, 'ok')
(1571.93, 0.0, 30375, 30823, 30119, 30247, 0, 'ok')
(1571.98, 0.0, 30375, 30823, 30119, 30247, 0, 'ok')
(1572.03, 0.0, 30343, 30791, 30119, 30247, 0, 'ok')
(1572.08, 0.0, 30375, 30791, 30119, 30279, 0, 'ok')
(1572.14, 0.0, 30407, 30791, 30087, 30247, 0, 'ok')
(1572.19, 0.0, 30375, 30823, 30087, 30279, 0, 'ok')
(1572.24, 0.0, 30375, 30823, 30087, 30279, 0, 'ok')
(1572.29, 0.0, 30375, 30823, 30087, 30247, 0, 'ok')
(1572.34, 0.0, 30375, 30791, 30119, 30247, 0, 'ok')
(1572.4, 0.0, 30407, 30823, 30119, 30279, 0, 'ok')
(1572.45, 0.0, 30375, 30791, 30119, 30279, 0, 'ok')
(1572.5, 0.0, 30375, 30791, 30119, 30279, 0, 'ok')
(1572.55, 0.0, 30407, 30791, 30119, 30247, 0, 'ok')
(1572.61, 0.0, 30343, 30791, 30119, 30247, 0, 'ok')
(1572.66, 0.0, 30375, 30855, 30119, 30279, 0, 'ok')
(1572.71, 0.0, 30375, 30823, 30119, 30247, 0, 'ok')
(1572.76, 0.0, 30375, 30823, 30119, 30279, 0, 'ok')
(1572.82, 0.0, 30375, 30791, 30119, 30247, 0, 'ok')
(1572.87, 0.0, 30375, 30791, 30119, 30279, 0, 'ok')
(1572.92, 0.0, 30375, 30759, 30119, 30279, 0, 'ok')
(1572.97, 0.0, 30375, 30759, 30119, 30279, 0, 'ok')
(1573.02, 0.0, 30375, 30791, 30087, 30279, 0, 'ok')
(1573.08, 0.0, 30407, 30823, 30119, 30247, 0, 'ok')
(1573.13, 0.0, 30375, 30791, 30119, 30247, 0, 'ok')
(1573.18, 0.0, 30407, 30791, 30087, 30247, 0, 'ok')
(1573.23, 0.0, 30407, 30823, 30119, 30247, 0, 'ok')
(1573.28, 0.0, 30407, 30759, 30119, 30279, 0, 'ok')
(1573.34, 0.0, 30375, 30791, 30119, 30279, 0, 'ok')
(1573.39, 0.0, 30375, 30823, 30119, 30247, 0, 'ok')
(1573.44, 0.0, 30375, 30823, 30119, 30247, 0, 'ok')
(1573.49, 0.0, 30375, 30791, 30119, 30279, 0, 'ok')
(1573.54, 0.0, 30407, 30791, 30087, 30279, 0, 'ok')
(1573.6, 0.0, 30407, 30823, 30119, 30247, 0, 'ok')
(1573.65, 0.0, 30407, 30791, 30119, 30247, 0, 'ok')
(1573.7, 0.0, 30407, 30791, 30119, 30247, 0, 'ok')
(1573.75, 0.0, 30375, 30791, 30119, 30279, 0, 'ok')
(1573.81, 0.0, 30375, 30823, 30087, 30247, 0, 'ok')
(1573.86, 0.0, 30375, 30855, 30119, 30247, 0, 'ok')
(1573.91, 0.0, 30407, 30791, 30087, 30279, 0, 'ok')
(1573.96, 0.0, 30375, 30855, 30087, 30247, 0, 'ok')
(1574.01, 0.0, 30407, 30791, 30119, 30247, 0, 'ok')
(1574.07, 0.0, 30375, 30791, 30087, 30247, 0, 'ok')
(1574.12, 0.0, 30375, 30823, 30119, 30279, 0, 'ok')
(1574.17, 0.0, 30375, 30823, 30119, 30247, 0, 'ok')
(1574.22, 0.0, 30375, 30791, 30087, 30247, 0, 'ok')
(1574.27, 0.0, 30375, 30791, 30119, 30247, 0, 'ok')
(1574.33, 0.0, 30407, 30791, 30119, 30279, 0, 'ok')
(1574.38, 0.0, 30407, 30791, 30119, 30279, 0, 'ok')
(1574.43, 0.0, 30375, 30791, 30119, 30279, 0, 'ok')
(1574.48, 0.0, 30407, 30791, 30087, 30247, 0, 'ok')
(1574.53, 0.0, 30375, 30823, 30119, 30247, 0, 'ok')
(1574.59, 0.0, 30407, 30759, 30119, 30247, 0, 'ok')
(1574.64, 0.0, 30375, 30791, 30087, 30247, 0, 'ok')
(1574.69, 0.0, 30407, 30791, 30119, 30247, 0, 'ok')
(1574.74, 0.0, 30375, 30823, 30119, 30247, 0, 'ok')
(1574.79, 0.0, 30375, 30855, 30087, 30279, 0, 'ok')
(1574.85, 0.0, 30375, 30759, 30087, 30279, 0, 'ok')
(1574.9, 0.0, 30375, 30759, 30119, 30279, 0, 'ok')
(1574.95, 0.0, 30375, 30791, 30119, 30279, 0, 'ok')
(1575.0, 0.0, 30407, 30791, 30119, 30279, 0, 'ok')
(1575.06, 0.0, 30407, 30823, 30119, 30247, 0, 'ok')
(1575.11, 0.0, 30375, 30823, 30119, 30247, 0, 'ok')
(1575.16, 0.0, 30375, 30759, 30087, 30279, 0, 'ok')
(1575.21, 0.0, 30375, 30823, 30119, 30279, 0, 'ok')
(1575.26, 0.0, 30375, 30759, 30119, 30279, 0, 'ok')
(1575.32, 0.0, 30375, 30823, 30119, 30247, 0, 'ok')
(1575.37, 0.0, 30375, 30855, 30087, 30279, 0, 'ok')
(1575.42, 0.0, 30375, 30823, 30087, 30279, 0, 'ok')
(1575.47, 0.0, 30375, 30887, 30087, 30247, 0, 'ok')
(1575.53, 0.0, 30375, 30823, 30087, 30279, 0, 'ok')
(1575.58, 0.0, 30375, 30791, 30119, 30279, 0, 'ok')
(1575.63, 0.0, 30375, 30759, 30087, 30247, 0, 'ok')
(1575.68, 0.0, 30375, 30759, 30119, 30247, 0, 'ok')
(1575.73, 0.0, 30407, 30855, 30087, 30247, 0, 'ok')
(1575.79, 0.0, 30375, 30855, 30119, 30247, 0, 'ok')
(1575.84, 0.0, 30375, 30759, 30119, 30247, 0, 'ok')
(1575.89, 0.0, 30375, 30759, 30119, 30247, 0, 'ok')
(1575.94, 0.0, 30375, 30791, 30087, 30279, 0, 'ok')
(1575.99, 0.0, 30375, 30823, 30119, 30247, 0, 'ok')
(1576.04, 0.0, 30375, 30823, 30119, 30247, 0, 'ok')
(1576.1, 0.0, 30375, 30823, 30087, 30247, 0, 'ok')
(1576.15, 0.0, 30375, 30759, 30119, 30247, 0, 'ok')
(1576.2, 0.0, 30375, 30855, 30087, 30279, 0, 'ok')
(1576.25, 0.0, 30375, 30855, 30087, 30247, 0, 'ok')
(1576.31, 0.0, 30375, 30791, 30119, 30247, 0, 'ok')
(1576.36, 0.0, 30375, 30823, 30087, 30247, 0, 'ok')
(1576.41, 0.0, 30375, 30791, 30119, 30247, 0, 'ok')
(1576.46, 0.0, 30375, 30791, 30087, 30279, 0, 'ok')
(1576.51, 0.0, 30375, 30727, 30119, 30247, 0, 'ok')
(1576.57, 0.0, 30407, 30823, 30087, 30247, 0, 'ok')
(1576.62, 0.0, 30343, 30855, 30087, 30247, 0, 'ok')
(1576.67, 0.0, 30407, 30727, 30087, 30279, 0, 'ok')
(1576.72, 0.0, 30407, 30855, 30087, 30247, 0, 'ok')
(1576.78, 0.0, 30375, 30823, 30087, 30247, 0, 'ok')
(1576.83, 0.0, 30375, 30791, 30119, 30247, 0, 'ok')
(1576.88, 0.0, 30375, 30855, 30087, 30247, 0, 'ok')
(1576.93, 0.0, 30375, 30791, 30087, 30247, 0, 'ok')
(1576.98, 0.0, 30375, 30823, 30087, 30247, 0, 'ok')
(1577.03, 0.0, 30343, 30759, 30087, 30279, 0, 'ok')
(1577.09, 0.0, 30375, 30759, 30087, 30247, 0, 'ok')
(1577.14, 0.0, 30375, 30791, 30119, 30247, 0, 'ok')
(1577.19, 0.0, 30375, 30791, 30087, 30247, 0, 'ok')
(1577.24, 0.0, 30375, 30791, 30087, 30247, 0, 'ok')
(1577.29, 0.0, 30375, 30759, 30087, 30247, 0, 'ok')
(1577.35, 0.0, 30375, 30823, 30087, 30279, 0, 'ok')
(1577.4, 0.0, 30407, 30823, 30087, 30247, 0, 'ok')
(1577.45, 0.0, 30407, 30855, 30087, 30247, 0, 'ok')
(1577.5, 0.0, 30375, 30823, 30119, 30247, 0, 'ok')
(1577.55, 0.0, 30407, 30823, 30087, 30279, 0, 'ok')
(1577.61, 0.0, 30407, 30791, 30119, 30279, 0, 'ok')
(1577.66, 0.0, 30375, 30791, 30119, 30247, 0, 'ok')
(1577.71, 0.0, 30375, 30855, 30119, 30279, 0, 'ok')
(1577.76, 0.0, 30375, 30759, 30087, 30247, 0, 'ok')
(1577.81, 0.0, 30407, 30823, 30119, 30247, 0, 'ok')
(1577.87, 0.0, 30375, 30759, 30119, 30247, 0, 'ok')
(1577.92, 0.0, 30375, 30855, 30087, 30247, 0, 'ok')
(1577.97, 0.0, 30407, 30791, 30087, 30247, 0, 'ok')
(1578.02, 0.0, 30375, 30791, 30119, 30247, 0, 'ok')
(1578.08, 0.0, 30407, 30823, 30087, 30247, 0, 'ok')
(1578.13, 0.0, 30375, 30791, 30087, 30279, 0, 'ok')
(1578.18, 0.0, 30375, 30823, 30087, 30279, 0, 'ok')
(1578.23, 0.0, 30375, 30823, 30119, 30247, 0, 'ok')
(1578.29, 0.0, 30375, 30823, 30119, 30247, 0, 'ok')
(1578.34, 0.0, 30375, 30823, 30087, 30247, 0, 'ok')
(1578.39, 0.0, 30375, 30727, 30119, 30279, 0, 'ok')
(1578.44, 0.0, 30375, 30855, 30087, 30279, 0, 'ok')
(1578.49, 0.0, 30375, 30791, 30087, 30279, 0, 'ok')
(1578.55, 0.0, 30375, 30855, 30087, 30247, 0, 'ok')
(1578.6, 0.0, 30375, 30791, 30119, 30247, 0, 'ok')
(1578.65, 0.0, 30375, 30759, 30087, 30279, 0, 'ok')
(1578.7, 0.0, 30375, 30791, 30087, 30247, 0, 'ok')
(1578.75, 0.0, 30375, 30791, 30119, 30247, 0, 'ok')
(1578.81, 0.0, 30407, 30823, 30087, 30247, 0, 'ok')
(1578.86, 0.0, 30375, 30791, 30087, 30279, 0, 'ok')
(1578.91, 0.0, 30375, 30791, 30087, 30247, 0, 'ok')
(1578.96, 0.0, 30375, 30791, 30119, 30247, 0, 'ok')
(1579.02, 0.0, 30375, 30855, 30087, 30279, 0, 'ok')
(1579.07, 0.0, 30375, 30823, 30087, 30247, 0, 'ok')
(1579.12, 0.0, 30375, 30823, 30119, 30247, 0, 'ok')
(1579.17, 0.0, 30375, 30791, 30119, 30247, 0, 'ok')
(1579.23, 0.0, 30375, 30855, 30087, 30247, 0, 'ok')
(1579.28, 0.0, 30375, 30759, 30087, 30247, 0, 'ok')
(1579.33, 0.0, 30375, 30791, 30087, 30247, 0, 'ok')
(1579.38, 0.0, 30375, 30791, 30087, 30247, 0, 'ok')
(1579.44, 0.0, 30375, 30759, 30119, 30279, 0, 'ok')
(1579.49, 0.0, 30375, 30823, 30087, 30247, 0, 'ok')
(1579.54, 0.0, 30407, 30823, 30087, 30247, 0, 'ok')
(1579.59, 0.0, 30375, 30791, 30087, 30279, 0, 'ok')
(1579.64, 0.0, 30375, 30791, 30119, 30247, 0, 'ok')
(1579.7, 0.0, 30407, 30855, 30087, 30279, 0, 'ok')
(1579.75, 0.0, 30375, 30759, 30087, 30279, 0, 'ok')
(1579.8, 0.0, 30375, 30823, 30087, 30247, 0, 'ok')
(1579.85, 0.0, 30375, 30791, 30119, 30215, 0, 'ok')
(1579.9, 0.0, 30375, 30791, 30087, 30247, 0, 'ok')
(1579.96, 0.0, 30375, 30855, 30087, 30247, 0, 'ok')
(1580.01, 0.0, 30375, 30823, 30087, 30247, 0, 'ok')
(1580.06, 0.0, 30375, 30791, 30087, 30247, 0, 'ok')
(1580.11, 0.0, 30375, 30823, 30087, 30279, 0, 'ok')
(1580.17, 0.0, 30375, 30823, 30119, 30247, 0, 'ok')
(1580.22, 0.0, 30407, 30791, 30087, 30247, 0, 'ok')
(1580.27, 0.0, 30375, 30791, 30087, 30279, 0, 'ok')
(1580.32, 0.0, 30375, 30759, 30087, 30279, 0, 'ok')
(1580.38, 0.0, 30375, 30791, 30119, 30247, 0, 'ok')
(1580.43, 0.0, 30375, 30759, 30087, 30279, 0, 'ok')
(1580.48, 0.0, 30407, 30791, 30087, 30279, 0, 'ok')
(1580.53, 0.0, 30375, 30823, 30087, 30279, 0, 'ok')
(1580.58, 0.0, 30375, 30759, 30087, 30279, 0, 'ok')
(1580.64, 0.0, 30407, 30855, 30119, 30247, 0, 'ok')
(1580.69, 0.0, 30343, 30791, 30119, 30247, 0, 'ok')
(1580.74, 0.0, 30375, 30855, 30087, 30247, 0, 'ok')
(1580.79, 0.0, 30375, 30791, 30087, 30247, 0, 'ok')
(1580.84, 0.0, 30375, 30695, 30087, 30247, 0, 'ok')
(1580.9, 0.0, 30407, 30823, 30087, 30247, 0, 'ok')
(1580.95, 0.0, 30407, 30887, 30119, 30247, 0, 'ok')
(1581.0, 0.0, 30343, 30823, 30087, 30247, 0, 'ok')
(1581.05, 0.0, 30375, 30823, 30055, 30247, 0, 'ok')
(1581.11, 0.0, 30407, 30823, 30087, 30247, 0, 'ok')
(1581.16, 0.0, 30375, 30759, 30087, 30247, 0, 'ok')
(1581.21, 0.0, 30375, 30791, 30087, 30279, 0, 'ok')
(1581.26, 0.0, 30407, 30823, 30119, 30279, 0, 'ok')
(1581.31, 0.0, 30375, 30791, 30087, 30279, 0, 'ok')
(1581.37, 0.0, 30407, 30823, 30087, 30279, 0, 'ok')
(1581.42, 0.0, 30407, 30823, 30087, 30247, 0, 'ok')
(1581.47, 0.0, 30375, 30791, 30119, 30279, 0, 'ok')
(1581.52, 0.0, 30343, 30791, 30087, 30279, 0, 'ok')
(1581.58, 0.0, 30375, 30791, 30087, 30247, 0, 'ok')
(1581.63, 0.0, 30375, 30823, 30087, 30247, 0, 'ok')
(1581.68, 0.0, 30407, 30791, 30087, 30247, 0, 'ok')
(1581.73, 0.0, 30407, 30887, 30087, 30247, 0, 'ok')
(1581.78, 0.0, 30375, 30759, 30087, 30247, 0, 'ok')
(1581.84, 0.0, 30375, 30727, 30087, 30247, 0, 'ok')
(1581.89, 0.0, 30375, 30855, 30087, 30247, 0, 'ok')
(1581.94, 0.0, 30343, 30759, 30119, 30247, 0, 'ok')
(1581.99, 0.0, 30375, 30791, 30087, 30279, 0, 'ok')
(1582.04, 0.0, 30375, 30791, 30087, 30247, 0, 'ok')
(1582.1, 0.0, 30375, 30791, 30087, 30247, 0, 'ok')
(1582.15, 0.0, 30407, 30791, 30087, 30247, 0, 'ok')
(1582.2, 0.0, 30375, 30823, 30119, 30279, 0, 'ok')
(1582.25, 0.0, 30407, 30791, 30087, 30279, 0, 'ok')
(1582.3, 0.0, 30407, 30791, 30087, 30279, 0, 'ok')
(1582.36, 0.0, 30375, 30791, 30119, 30247, 0, 'ok')
(1582.41, 0.0, 30375, 30759, 30087, 30247, 0, 'ok')
(1582.46, 0.0, 30375, 30759, 30119, 30279, 0, 'ok')
(1582.51, 0.0, 30375, 30791, 30087, 30247, 0, 'ok')
(1582.56, 0.0, 30375, 30791, 30087, 30279, 0, 'ok')
(1582.62, 0.0, 30375, 30791, 30119, 30247, 0, 'ok')
(1582.67, 0.0, 30375, 30791, 30087, 30279, 0, 'ok')
(1582.72, 0.0, 30375, 30823, 30087, 30247, 0, 'ok')
(1582.77, 0.0, 30343, 30823, 30087, 30247, 0, 'ok')
(1582.83, 0.0, 30407, 30791, 30087, 30279, 0, 'ok')
(1582.88, 0.0, 30407, 30791, 30087, 30247, 0, 'ok')
(1582.93, 0.0, 30375, 30759, 30087, 30247, 0, 'ok')
(1582.98, 0.0, 30375, 30791, 30087, 30279, 0, 'ok')
(1583.03, 0.0, 30375, 30823, 30087, 30247, 0, 'ok')
(1583.09, 0.0, 30375, 30791, 30087, 30279, 0, 'ok')
(1583.14, 0.0, 30375, 30855, 30087, 30247, 0, 'ok')
(1583.19, 0.0, 30407, 30791, 30087, 30247, 0, 'ok')
(1583.24, 0.0, 30375, 30759, 30087, 30247, 0, 'ok')
(1583.29, 0.0, 30375, 30823, 30087, 30247, 0, 'ok')
(1583.35, 0.0, 30343, 30759, 30087, 30247, 0, 'ok')
(1583.4, 0.0, 30407, 30823, 30087, 30247, 0, 'ok')
(1583.45, 0.0, 30375, 30855, 30087, 30247, 0, 'ok')
(1583.5, 0.0, 30343, 30823, 30087, 30279, 0, 'ok')
(1583.56, 0.0, 30375, 30759, 30087, 30247, 0, 'ok')
(1583.61, 0.0, 30375, 30759, 30087, 30247, 0, 'ok')
(1583.66, 0.0, 30375, 30855, 30087, 30247, 0, 'ok')
(1583.71, 0.0, 30375, 30823, 30087, 30279, 0, 'ok')
(1583.76, 0.0, 30375, 30823, 30087, 30279, 0, 'ok')
(1583.82, 0.0, 30407, 30823, 30087, 30247, 0, 'ok')
(1583.87, 0.0, 30407, 30791, 30087, 30247, 0, 'ok')
(1583.92, 0.0, 30375, 30791, 30087, 30247, 0, 'ok')
(1583.97, 0.0, 30375, 30823, 30087, 30247, 0, 'ok')
(1584.03, 0.0, 30407, 30759, 30087, 30279, 0, 'ok')
(1584.08, 0.0, 30375, 30791, 30087, 30247, 0, 'ok')
(1584.13, 0.0, 30375, 30759, 30087, 30279, 0, 'ok')
(1584.18, 0.0, 30407, 30791, 30087, 30247, 0, 'ok')
(1584.23, 0.0, 30375, 30791, 30119, 30247, 0, 'ok')
(1584.29, 0.0, 30375, 30791, 30119, 30247, 0, 'ok')
(1584.34, 0.0, 30407, 30823, 30087, 30247, 0, 'ok')
(1584.39, 0.0, 30375, 30855, 30087, 30279, 0, 'ok')
(1584.44, 0.0, 30407, 30823, 30119, 30247, 0, 'ok')
(1584.5, 0.0, 30375, 30855, 30087, 30247, 0, 'ok')
(1584.55, 0.0, 30375, 30791, 30119, 30279, 0, 'ok')
(1584.6, 0.0, 30375, 30759, 30087, 30247, 0, 'ok')
(1584.65, 0.0, 30375, 30759, 30087, 30247, 0, 'ok')
(1584.7, 0.0, 30375, 30823, 30087, 30247, 0, 'ok')
(1584.76, 0.0, 30375, 30727, 30087, 30247, 0, 'ok')
(1584.81, 0.0, 30407, 30791, 30055, 30279, 0, 'ok')
(1584.86, 0.0, 30375, 30791, 30087, 30247, 0, 'ok')
(1584.91, 0.0, 30375, 30823, 30087, 30279, 0, 'ok')
(1584.97, 0.0, 30375, 30791, 30119, 30247, 0, 'ok')
(1585.02, 0.0, 30375, 30791, 30087, 30247, 0, 'ok')
(1585.07, 0.0, 30375, 30759, 30087, 30247, 0, 'ok')
(1585.12, 0.0, 30375, 30791, 30087, 30247, 0, 'ok')
(1585.17, 0.0, 30375, 30727, 30087, 30279, 0, 'ok')
(1585.23, 0.0, 30375, 30759, 30087, 30247, 0, 'ok')
(1585.28, 0.0, 30407, 30759, 30087, 30279, 0, 'ok')
(1585.33, 0.0, 30375, 30759, 30119, 30247, 0, 'ok')
(1585.38, 0.0, 30375, 30823, 30087, 30247, 0, 'ok')
(1585.44, 0.0, 30375, 30823, 30087, 30279, 0, 'ok')
(1585.49, 0.0, 30343, 30759, 30087, 30247, 0, 'ok')
(1585.54, 0.0, 30375, 30727, 30087, 30279, 0, 'ok')
(1585.59, 0.0, 30375, 30855, 30087, 30279, 0, 'ok')
(1585.64, 0.0, 30407, 30823, 30087, 30247, 0, 'ok')
(1585.7, 0.0, 30375, 30759, 30087, 30247, 0, 'ok')
(1585.75, 0.0, 30407, 30759, 30087, 30247, 0, 'ok')
(1585.8, 0.0, 30375, 30759, 30087, 30247, 0, 'ok')
(1585.85, 0.0, 30375, 30791, 30119, 30247, 0, 'ok')
(1585.9, 0.0, 30375, 30823, 30087, 30247, 0, 'ok')
(1585.95, 0.0, 30375, 30823, 30087, 30247, 0, 'ok')
(1586.01, 0.0, 30375, 30791, 30119, 30247, 0, 'ok')
(1586.06, 0.0, 30375, 30823, 30087, 30247, 0, 'ok')
(1586.11, 0.0, 30407, 30791, 30119, 30279, 0, 'ok')
(1586.17, 0.0, 30375, 30823, 30087, 30247, 0, 'ok')
(1586.22, 0.0, 30407, 30855, 30087, 30279, 0, 'ok')
(1586.27, 0.0, 30375, 30823, 30087, 30247, 0, 'ok')
(1586.32, 0.0, 30375, 30791, 30087, 30247, 0, 'ok')
(1586.37, 0.0, 30407, 30759, 30087, 30247, 0, 'ok')
(1586.42, 0.0, 30375, 30759, 30087, 30279, 0, 'ok')
(1586.48, 0.0, 30407, 30759, 30087, 30279, 0, 'ok')
(1586.53, 0.0, 30375, 30823, 30087, 30247, 0, 'ok')
(1586.58, 0.0, 30343, 30823, 30087, 30247, 0, 'ok')
(1586.63, 0.0, 30375, 30791, 30087, 30247, 0, 'ok')
(1586.69, 0.0, 30343, 30791, 30119, 30247, 0, 'ok')
(1586.74, 0.0, 30407, 30791, 30087, 30279, 0, 'ok')
(1586.79, 0.0, 30407, 30727, 30087, 30247, 0, 'ok')
(1586.84, 0.0, 30407, 30791, 30087, 30247, 0, 'ok')
(1586.9, 0.0, 30375, 30759, 30087, 30247, 0, 'ok')
(1586.95, 0.0, 30375, 30759, 30087, 30247, 0, 'ok')
(1587.0, 0.0, 30375, 30791, 30087, 30247, 0, 'ok')
(1587.05, 0.0, 30375, 30759, 30087, 30279, 0, 'ok')
(1587.1, 0.0, 30343, 30727, 30087, 30247, 0, 'ok')
(1587.15, 0.0, 30375, 30791, 30087, 30247, 0, 'ok')
(1587.21, 0.0, 30375, 30791, 30087, 30247, 0, 'ok')
(1587.26, 0.0, 30407, 30791, 30087, 30247, 0, 'ok')
(1587.31, 0.0, 30375, 30791, 30087, 30247, 0, 'ok')
(1587.36, 0.0, 30407, 30791, 30119, 30247, 0, 'ok')
(1587.42, 0.0, 30343, 30791, 30087, 30247, 0, 'ok')
(1587.47, 0.0, 30375, 30759, 30087, 30247, 0, 'ok')
(1587.52, 0.0, 30375, 30791, 30087, 30247, 0, 'ok')
(1587.57, 0.0, 30343, 30791, 30087, 30247, 0, 'ok')
(1587.63, 0.0, 30343, 30727, 30087, 30279, 0, 'ok')
(1587.68, 0.0, 30375, 30791, 30087, 30247, 0, 'ok')
(1587.73, 0.0, 30407, 30759, 30087, 30247, 0, 'ok')
(1587.78, 0.0, 30375, 30759, 30087, 30247, 0, 'ok')
(1587.83, 0.0, 30375, 30727, 30119, 30247, 0, 'ok')
(1587.88, 0.0, 30407, 30823, 30087, 30247, 0, 'ok')
(1587.94, 0.0, 30375, 30791, 30087, 30279, 0, 'ok')
(1587.99, 0.0, 30375, 30791, 30087, 30247, 0, 'ok')
(1588.04, 0.0, 30343, 30791, 30087, 30247, 0, 'ok')
(1588.09, 0.0, 30375, 30791, 30087, 30247, 0, 'ok')
(1588.15, 0.0, 30343, 30759, 30087, 30247, 0, 'ok')
(1588.2, 0.0, 30375, 30823, 30087, 30247, 0, 'ok')
(1588.25, 0.0, 30375, 30727, 30087, 30247, 0, 'ok')
(1588.3, 0.0, 30375, 30791, 30119, 30279, 0, 'ok')
(1588.36, 0.0, 30375, 30759, 30087, 30247, 0, 'ok')
(1588.41, 0.0, 30375, 30791, 30087, 30279, 0, 'ok')
(1588.46, 0.0, 30375, 30823, 30087, 30279, 0, 'ok')
(1588.51, 0.0, 30375, 30791, 30087, 30247, 0, 'ok')
(1588.56, 0.0, 30375, 30791, 30087, 30247, 0, 'ok')
(1588.62, 0.0, 30343, 30727, 30087, 30247, 0, 'ok')
(1588.67, 0.0, 30375, 30759, 30087, 30247, 0, 'ok')
(1588.72, 0.0, 30375, 30759, 30087, 30247, 0, 'ok')
(1588.77, 0.0, 30407, 30727, 30087, 30247, 0, 'ok')
(1588.83, 0.0, 30407, 30759, 30087, 30247, 0, 'ok')
(1588.88, 0.0, 30375, 30791, 30087, 30247, 0, 'ok')
(1588.93, 0.0, 30407, 30791, 30087, 30279, 0, 'ok')
(1588.98, 0.0, 30375, 30791, 30087, 30279, 0, 'ok')
(1589.04, 0.0, 30375, 30759, 30119, 30247, 0, 'ok')
(1589.09, 0.0, 30407, 30823, 30087, 30279, 0, 'ok')
(1589.14, 0.0, 30407, 30791, 30119, 30247, 0, 'ok')
(1589.19, 0.0, 30343, 30727, 30087, 30247, 0, 'ok')
(1589.24, 0.0, 30407, 30727, 30087, 30247, 0, 'ok')
(1589.3, 0.0, 30375, 30791, 30119, 30247, 0, 'ok')
(1589.35, 0.0, 30375, 30759, 30087, 30247, 0, 'ok')
(1589.4, 0.0, 30407, 30727, 30119, 30247, 0, 'ok')
(1589.45, 0.0, 30375, 30759, 30119, 30247, 0, 'ok')
(1589.5, 0.0, 30375, 30791, 30087, 30247, 0, 'ok')
(1589.56, 0.0, 30375, 30791, 30055, 30247, 0, 'ok')
(1589.61, 0.0, 30375, 30791, 30087, 30247, 0, 'ok')
(1589.66, 0.0, 30375, 30791, 30087, 30247, 0, 'ok')
(1589.71, 0.0, 30375, 30791, 30087, 30247, 0, 'ok')
(1589.77, 0.0, 30375, 30791, 30087, 30247, 0, 'ok')
(1589.82, 0.0, 30375, 30823, 30087, 30279, 0, 'ok')
(1589.87, 0.0, 30375, 30791, 30087, 30247, 0, 'ok')
(1589.92, 0.0, 30375, 30759, 30119, 30247, 0, 'ok')
(1589.97, 0.0, 30375, 30791, 30119, 30247, 0, 'ok')
(1590.03, 0.0, 30375, 30791, 30087, 30247, 0, 'ok')
(1590.08, 0.0, 30375, 30791, 30087, 30247, 0, 'ok')
(1590.13, 0.0, 30375, 30727, 30087, 30247, 0, 'ok')
(1590.18, 0.0, 30375, 30791, 30087, 30247, 0, 'ok')
(1590.23, 0.0, 30375, 30791, 30087, 30247, 0, 'ok')
(1590.29, 0.0, 30375, 30791, 30087, 30247, 0, 'ok')
(1590.34, 0.0, 30375, 30823, 30087, 30279, 0, 'ok')
(1590.39, 0.0, 30375, 30791, 30087, 30279, 0, 'ok')
(1590.44, 0.0, 30375, 30855, 30055, 30247, 0, 'ok')
(1590.49, 0.0, 30375, 30759, 30087, 30247, 0, 'ok')
(1590.55, 0.0, 30375, 30823, 30087, 30247, 0, 'ok')
(1590.6, 0.0, 30375, 30759, 30087, 30247, 0, 'ok')
(1590.65, 0.0, 30375, 30823, 30087, 30247, 0, 'ok')
(1590.7, 0.0, 30343, 30759, 30087, 30279, 0, 'ok')
(1590.76, 0.0, 30375, 30791, 30087, 30279, 0, 'ok')
(1590.81, 0.0, 30375, 30759, 30087, 30247, 0, 'ok')
(1590.86, 0.0, 30375, 30759, 30087, 30247, 0, 'ok')
(1590.91, 0.0, 30407, 30759, 30087, 30247, 0, 'ok')
(1590.96, 0.0, 30407, 30759, 30087, 30279, 0, 'ok')
(1591.02, 0.0, 30375, 30759, 30087, 30279, 0, 'ok')
(1591.07, 0.0, 30375, 30791, 30087, 30247, 0, 'ok')
(1591.12, 0.0, 30407, 30759, 30119, 30279, 0, 'ok')
(1591.17, 0.0, 30375, 30695, 30119, 30247, 0, 'ok')
(1591.23, 0.0, 30375, 30727, 30087, 30247, 0, 'ok')
(1591.28, 0.0, 30343, 30695, 30087, 30247, 0, 'ok')
(1591.33, 0.0, 30375, 30727, 30087, 30247, 0, 'ok')
(1591.38, 0.0, 30407, 30759, 30087, 30247, 0, 'ok')
(1591.44, 0.0, 30375, 30727, 30087, 30247, 0, 'ok')
(1591.49, 0.0, 30407, 30759, 30087, 30247, 0, 'ok')
(1591.54, 0.0, 30375, 30823, 30151, 30247, 0, 'ok')
(1591.59, 0.0, 30375, 30759, 30087, 30247, 0, 'ok')
(1591.64, 0.0, 30375, 30759, 30087, 30247, 0, 'ok')
(1591.7, 0.0, 30375, 30791, 30087, 30279, 0, 'ok')
(1591.75, 0.0, 30375, 30727, 30087, 30279, 0, 'ok')
(1591.8, 0.0, 30375, 30823, 30087, 30247, 0, 'ok')
(1591.85, 0.0, 30375, 30791, 30119, 30247, 0, 'ok')
(1591.91, 0.0, 30375, 30823, 30119, 30247, 0, 'ok')
(1591.96, 0.0, 30407, 30791, 30087, 30247, 0, 'ok')
(1592.01, 0.0, 30375, 30759, 30087, 30279, 0, 'ok')
(1592.06, 0.0, 30407, 30695, 30087, 30247, 0, 'ok')
(1592.11, 0.0, 30375, 30791, 30087, 30247, 0, 'ok')
(1592.17, 0.0, 30375, 30759, 30087, 30247, 0, 'ok')
(1592.22, 0.0, 30375, 30727, 30087, 30247, 0, 'ok')
(1592.27, 0.0, 30375, 30791, 30087, 30279, 0, 'ok')
(1592.32, 0.0, 30375, 30791, 30087, 30247, 0, 'ok')
(1592.38, 0.0, 30343, 30759, 30119, 30247, 0, 'ok')
(1592.43, 0.0, 30375, 30759, 30087, 30247, 0, 'ok')
(1592.48, 0.0, 30375, 30791, 30087, 30247, 0, 'ok')
(1592.53, 0.0, 30375, 30759, 30087, 30247, 0, 'ok')
(1592.58, 0.0, 30407, 30759, 30087, 30247, 0, 'ok')
(1592.63, 0.0, 30375, 30727, 30087, 30279, 0, 'ok')
(1592.69, 0.0, 30375, 30759, 30087, 30247, 0, 'ok')
(1592.74, 0.0, 30375, 30695, 30087, 30247, 0, 'ok')
(1592.79, 0.0, 30375, 30759, 30087, 30247, 0, 'ok')
(1592.84, 0.0, 30343, 30759, 30087, 30247, 0, 'ok')
(1592.9, 0.0, 30375, 30791, 30087, 30247, 0, 'ok')
(1592.95, 0.0, 30343, 30759, 30087, 30247, 0, 'ok')
(1593.0, 0.0, 30375, 30759, 30087, 30279, 0, 'ok')
(1593.05, 0.0, 30375, 30695, 30087, 30247, 0, 'ok')
(1593.11, 0.0, 30375, 30823, 30087, 30247, 0, 'ok')
(1593.16, 0.0, 30343, 30727, 30087, 30247, 0, 'ok')
(1593.21, 0.0, 30375, 30759, 30087, 30247, 0, 'ok')
(1593.26, 0.0, 30407, 30695, 30119, 30247, 0, 'ok')
(1593.31, 0.0, 30407, 30727, 30087, 30247, 0, 'ok')
(1593.37, 0.0, 30375, 30759, 30119, 30247, 0, 'ok')
(1593.42, 0.0, 30375, 30791, 30055, 30247, 0, 'ok')
(1593.47, 0.0, 30375, 30759, 30087, 30279, 0, 'ok')
(1593.52, 0.0, 30375, 30759, 30087, 30279, 0, 'ok')
(1593.58, 0.0, 30375, 30759, 30087, 30247, 0, 'ok')
(1593.63, 0.0, 30375, 30791, 30087, 30247, 0, 'ok')
(1593.68, 0.0, 30407, 30759, 30087, 30279, 0, 'ok')
(1593.73, 0.0, 30407, 30791, 30087, 30279, 0, 'ok')
(1593.78, 0.0, 30407, 30727, 30087, 30247, 0, 'ok')
(1593.84, 0.0, 30343, 30823, 30087, 30247, 0, 'ok')
(1593.89, 0.0, 30375, 30759, 30087, 30247, 0, 'ok')
(1593.94, 0.0, 30343, 30791, 30087, 30279, 0, 'ok')
(1593.99, 0.0, 30375, 30823, 30087, 30279, 0, 'ok')
(1594.04, 0.0, 30375, 30759, 30087, 30247, 0, 'ok')
(1594.1, 0.0, 30375, 30759, 30087, 30247, 0, 'ok')
(1594.15, 0.0, 30375, 30823, 30087, 30247, 0, 'ok')
(1594.2, 0.0, 30407, 30759, 30087, 30247, 0, 'ok')
(1594.25, 0.0, 30375, 30759, 30087, 30247, 0, 'ok')
(1594.31, 0.0, 30375, 30759, 30087, 30247, 0, 'ok')
(1594.36, 0.0, 30375, 30759, 30119, 30279, 0, 'ok')
(1594.41, 0.0, 30375, 30791, 30087, 30247, 0, 'ok')
(1594.46, 0.0, 30343, 30727, 30087, 30247, 0, 'ok')
(1594.52, 0.0, 30407, 30759, 30087, 30247, 0, 'ok')
(1594.57, 0.0, 30375, 30791, 30087, 30247, 0, 'ok')
(1594.62, 0.0, 30375, 30759, 30087, 30247, 0, 'ok')
(1594.67, 0.0, 30407, 30791, 30087, 30247, 0, 'ok')
(1594.72, 0.0, 30343, 30759, 30087, 30215, 0, 'ok')
(1594.78, 0.0, 30375, 30791, 30087, 30247, 0, 'ok')
(1594.83, 0.0, 30343, 30727, 30087, 30247, 0, 'ok')
(1594.88, 0.0, 30375, 30727, 30087, 30247, 0, 'ok')
(1594.93, 0.0, 30375, 30759, 30087, 30279, 0, 'ok')
(1594.99, 0.0, 30375, 30727, 30087, 30247, 0, 'ok')
(1595.04, 0.0, 30375, 30727, 30087, 30247, 0, 'ok')
(1595.09, 0.0, 30375, 30759, 30087, 30247, 0, 'ok')
(1595.14, 0.0, 30343, 30695, 30087, 30279, 0, 'ok')
(1595.19, 0.0, 30375, 30791, 30087, 30247, 0, 'ok')
(1595.25, 0.0, 30343, 30823, 30087, 30279, 0, 'ok')
(1595.3, 0.0, 30375, 30695, 30087, 30247, 0, 'ok')
(1595.35, 0.0, 30407, 30727, 30087, 30247, 0, 'ok')
(1595.4, 0.0, 30375, 30759, 30087, 30247, 0, 'ok')
(1595.46, 0.0, 30375, 30759, 30087, 30247, 0, 'ok')
(1595.51, 0.0, 30375, 30791, 30087, 30247, 0, 'ok')
(1595.56, 0.0, 30407, 30727, 30087, 30279, 0, 'ok')
(1595.61, 0.0, 30407, 30727, 30087, 30247, 0, 'ok')
(1595.67, 0.0, 30375, 30727, 30119, 30247, 0, 'ok')
(1595.72, 0.0, 30375, 30727, 30087, 30247, 0, 'ok')
(1595.77, 0.0, 30375, 30791, 30087, 30247, 0, 'ok')
(1595.82, 0.0, 30407, 30727, 30087, 30247, 0, 'ok')
(1595.87, 0.0, 30407, 30759, 30119, 30247, 0, 'ok')
(1595.92, 0.0, 30375, 30759, 30087, 30247, 0, 'ok')
(1595.98, 0.0, 30375, 30727, 30087, 30247, 0, 'ok')
(1596.03, 0.0, 30375, 30759, 30119, 30247, 0, 'ok')
(1596.08, 0.0, 30407, 30727, 30087, 30279, 0, 'ok')
(1596.13, 0.0, 30343, 30759, 30087, 30279, 0, 'ok')
(1596.18, 0.0, 30375, 30791, 30087, 30247, 0, 'ok')
(1596.23, 0.0, 30407, 30791, 30055, 30247, 0, 'ok')
(1596.29, 0.0, 30407, 30759, 30087, 30247, 0, 'ok')
(1596.34, 0.0, 30375, 30759, 30087, 30247, 0, 'ok')
(1596.39, 0.0, 30407, 30727, 30087, 30247, 0, 'ok')
(1596.44, 0.0, 30375, 30791, 30087, 30247, 0, 'ok')
(1596.5, 0.0, 30343, 30727, 30087, 30247, 0, 'ok')
(1596.55, 0.0, 30375, 30727, 30087, 30247, 0, 'ok')
(1596.6, 0.0, 30375, 30823, 30119, 30279, 0, 'ok')
(1596.65, 0.0, 30375, 30727, 30087, 30247, 0, 'ok')
(1596.7, 0.0, 30375, 30823, 30087, 30247, 0, 'ok')
(1596.76, 0.0, 30375, 30759, 30087, 30247, 0, 'ok')
(1596.81, 0.0, 30407, 30727, 30087, 30247, 0, 'ok')
(1596.86, 0.0, 30375, 30759, 30087, 30247, 0, 'ok')
(1596.91, 0.0, 30375, 30759, 30087, 30247, 0, 'ok')
(1596.97, 0.0, 30407, 30663, 30087, 30247, 0, 'ok')
(1597.02, 0.0, 30375, 30727, 30087, 30247, 0, 'ok')
(1597.07, 0.0, 30375, 30727, 30087, 30247, 0, 'ok')
(1597.12, 0.0, 30375, 30727, 30087, 30247, 0, 'ok')
(1597.17, 0.0, 30375, 30759, 30087, 30247, 0, 'ok')
(1597.23, 0.0, 30407, 30727, 30087, 30247, 0, 'ok')
(1597.28, 0.0, 30375, 30727, 30087, 30279, 0, 'ok')
(1597.33, 0.0, 30375, 30695, 30119, 30247, 0, 'ok')
(1597.38, 0.0, 30375, 30727, 30119, 30247, 0, 'ok')
(1597.44, 0.0, 30375, 30727, 30087, 30247, 0, 'ok')
(1597.49, 0.0, 30375, 30759, 30087, 30247, 0, 'ok')
(1597.54, 0.0, 30375, 30823, 30087, 30279, 0, 'ok')
(1597.59, 0.0, 30375, 30791, 30087, 30247, 0, 'ok')
(1597.65, 0.0, 30375, 30759, 30087, 30247, 0, 'ok')
(1597.7, 0.0, 30375, 30791, 30087, 30247, 0, 'ok')
(1597.75, 0.0, 30407, 30791, 30087, 30247, 0, 'ok')
(1597.8, 0.0, 30375, 30759, 30087, 30247, 0, 'ok')
(1597.85, 0.0, 30407, 30791, 30087, 30279, 0, 'ok')
(1597.91, 0.0, 30375, 30727, 30087, 30247, 0, 'ok')
(1597.96, 0.0, 30375, 30695, 30119, 30247, 0, 'ok')
(1598.01, 0.0, 30343, 30791, 30087, 30247, 0, 'ok')
(1598.06, 0.0, 30343, 30791, 30087, 30247, 0, 'ok')
(1598.11, 0.0, 30375, 30727, 30087, 30247, 0, 'ok')
(1598.17, 0.0, 30375, 30727, 30087, 30247, 0, 'ok')
(1598.22, 0.0, 30343, 30791, 30119, 30247, 0, 'ok')
(1598.27, 0.0, 30375, 30759, 30087, 30247, 0, 'ok')
(1598.32, 0.0, 30375, 30791, 30087, 30247, 0, 'ok')
(1598.38, 0.0, 30343, 30791, 30087, 30247, 0, 'ok')
(1598.43, 0.0, 30375, 30791, 30087, 30279, 0, 'ok')
(1598.48, 0.0, 30407, 30791, 30087, 30247, 0, 'ok')
(1598.53, 0.0, 30375, 30759, 30087, 30247, 0, 'ok')
(1598.58, 0.0, 30343, 30759, 30087, 30247, 0, 'ok')
(1598.64, 0.0, 30375, 30791, 30087, 30247, 0, 'ok')
(1598.69, 0.0, 30375, 30759, 30087, 30279, 0, 'ok')
(1598.74, 0.0, 30407, 30791, 30087, 30279, 0, 'ok')
(1598.79, 0.0, 30375, 30759, 30087, 30279, 0, 'ok')
(1598.85, 0.0, 30375, 30791, 30087, 30247, 0, 'ok')
(1598.9, 0.0, 30375, 30727, 30087, 30279, 0, 'ok')
(1598.95, 0.0, 30375, 30791, 30087, 30247, 0, 'ok')
(1599.0, 0.0, 30375, 30759, 30055, 30247, 0, 'ok')
(1599.05, 0.0, 30375, 30791, 30087, 30247, 0, 'ok')
(1599.11, 0.0, 30375, 30759, 30055, 30247, 0, 'ok')
(1599.16, 0.0, 30375, 30727, 30087, 30247, 0, 'ok')
(1599.21, 0.0, 30375, 30791, 30087, 30247, 0, 'ok')
(1599.26, 0.0, 30375, 30759, 30087, 30247, 0, 'ok')
(1599.32, 0.0, 30375, 30791, 30087, 30247, 0, 'ok')
(1599.37, 0.0, 30375, 30759, 30087, 30247, 0, 'ok')
(1599.42, 0.0, 30407, 30695, 30087, 30247, 0, 'ok')
(1599.47, 0.0, 30407, 30759, 30087, 30247, 0, 'ok')
(1599.53, 0.0, 30407, 30759, 30087, 30247, 0, 'ok')
(1599.58, 0.0, 30375, 30759, 30087, 30247, 0, 'ok')
(1599.63, 0.0, 30375, 30695, 30087, 30247, 0, 'ok')
(1599.68, 0.0, 30375, 30791, 30087, 30247, 0, 'ok')
(1599.73, 0.0, 30407, 30791, 30087, 30247, 0, 'ok')
(1599.79, 0.0, 30375, 30823, 30087, 30247, 0, 'ok')
(1599.84, 0.0, 30375, 30759, 30087, 30247, 0, 'ok')
(1599.89, 0.0, 30375, 30727, 30087, 30247, 0, 'ok')
(1599.94, 0.0, 30375, 30727, 30087, 30247, 0, 'ok')
(1600.0, 0.0, 30343, 30823, 30087, 30279, 0, 'ok')
(1600.05, 0.0, 30407, 30791, 30087, 30247, 0, 'ok')
(1600.1, 0.0, 30375, 30759, 30087, 30247, 0, 'ok')
(1600.15, 0.0, 30343, 30759, 30087, 30247, 0, 'ok')
(1600.2, 0.0, 30375, 30727, 30087, 30247, 0, 'ok')
(1600.26, 0.0, 30375, 30727, 30087, 30247, 0, 'ok')
(1600.31, 0.0, 30375, 30823, 30087, 30247, 0, 'ok')
(1600.36, 0.0, 30375, 30823, 30087, 30247, 0, 'ok')
(1600.41, 0.0, 30375, 30791, 30087, 30247, 0, 'ok')
(1600.46, 0.0, 30407, 30791, 30087, 30247, 0, 'ok')
(1600.52, 0.0, 30375, 30727, 30087, 30247, 0, 'ok')
(1600.57, 0.0, 30375, 30791, 30087, 30247, 0, 'ok')
(1600.62, 0.0, 30375, 30759, 30087, 30247, 0, 'ok')
(1600.67, 0.0, 30343, 30727, 30087, 30247, 0, 'ok')
(1600.73, 0.0, 30343, 30727, 30087, 30247, 0, 'ok')
(1600.78, 0.0, 30407, 30791, 30087, 30247, 0, 'ok')
(1600.83, 0.0, 30407, 30727, 30087, 30247, 0, 'ok')
(1600.88, 0.0, 30375, 30759, 30087, 30247, 0, 'ok')
(1600.94, 0.0, 30343, 30759, 30087, 30279, 0, 'ok')
(1600.99, 0.0, 30375, 30791, 30087, 30247, 0, 'ok')
(1601.04, 0.0, 30407, 30759, 30119, 30247, 0, 'ok')
(1601.09, 0.0, 30375, 30791, 30087, 30279, 0, 'ok')
(1601.14, 0.0, 30375, 30791, 30087, 30247, 0, 'ok')
(1601.2, 0.0, 30375, 30823, 30087, 30247, 0, 'ok')
(1601.25, 0.0, 30375, 30759, 30087, 30247, 0, 'ok')
(1601.3, 0.0, 30407, 30791, 30087, 30247, 0, 'ok')
(1601.35, 0.0, 30407, 30791, 30087, 30279, 0, 'ok')
(1601.41, 0.0, 30407, 30791, 30119, 30247, 0, 'ok')
(1601.46, 0.0, 30343, 30823, 30119, 30247, 0, 'ok')
(1601.51, 0.0, 30375, 30759, 30087, 30247, 0, 'ok')
(1601.56, 0.0, 30375, 30727, 30087, 30247, 0, 'ok')
(1601.61, 0.0, 30375, 30759, 30087, 30279, 0, 'ok')
(1601.67, 0.0, 30375, 30823, 30119, 30247, 0, 'ok')
(1601.72, 0.0, 30407, 30759, 30087, 30247, 0, 'ok')
(1601.77, 0.0, 30375, 30791, 30087, 30247, 0, 'ok')
(1601.82, 0.0, 30375, 30855, 30087, 30247, 0, 'ok')
(1601.88, 0.0, 30375, 30759, 30087, 30247, 0, 'ok')
(1601.93, 0.0, 30375, 30759, 30087, 30247, 0, 'ok')
(1601.98, 0.0, 30407, 30791, 30087, 30247, 0, 'ok')
(1602.03, 0.0, 30343, 30759, 30087, 30247, 0, 'ok')
(1602.08, 0.0, 30375, 30791, 30087, 30247, 0, 'ok')
(1602.14, 0.0, 30375, 30791, 30087, 30279, 0, 'ok')
(1602.19, 0.0, 30375, 30759, 30087, 30247, 0, 'ok')
(1602.24, 0.0, 30375, 30695, 30119, 30247, 0, 'ok')
(1602.29, 0.0, 30375, 30791, 30087, 30247, 0, 'ok')
(1602.34, 0.0, 30375, 30791, 30087, 30247, 0, 'ok')
(1602.4, 0.0, 30375, 30791, 30087, 30247, 0, 'ok')
(1602.45, 0.0, 30375, 30791, 30087, 30247, 0, 'ok')
(1602.5, 0.0, 30407, 30791, 30087, 30279, 0, 'ok')
(1602.55, 0.0, 30375, 30791, 30087, 30247, 0, 'ok')
(1602.61, 0.0, 30375, 30823, 30087, 30247, 0, 'ok')
(1602.66, 0.0, 30375, 30759, 30087, 30247, 0, 'ok')
(1602.71, 0.0, 30375, 30823, 30087, 30247, 0, 'ok')
(1602.76, 0.0, 30375, 30791, 30087, 30247, 0, 'ok')
(1602.82, 0.0, 30343, 30791, 30087, 30247, 0, 'ok')
(1602.87, 0.0, 30407, 30759, 30087, 30247, 0, 'ok')
(1602.92, 0.0, 30375, 30791, 30087, 30247, 0, 'ok')
(1602.97, 0.0, 30375, 30791, 30087, 30247, 0, 'ok')
(1603.02, 0.0, 30375, 30791, 30087, 30247, 0, 'ok')
(1603.08, 0.0, 30375, 30791, 30087, 30247, 0, 'ok')
(1603.13, 0.0, 30375, 30791, 30087, 30279, 0, 'ok')
(1603.18, 0.0, 30375, 30791, 30087, 30247, 0, 'ok')
(1603.23, 0.0, 30375, 30791, 30087, 30247, 0, 'ok')
(1603.29, 0.0, 30375, 30823, 30087, 30247, 0, 'ok')
(1603.34, 0.0, 30407, 30791, 30087, 30247, 0, 'ok')
(1603.39, 0.0, 30375, 30791, 30087, 30247, 0, 'ok')
(1603.44, 0.0, 30375, 30823, 30087, 30247, 0, 'ok')
(1603.49, 0.0, 30343, 30759, 30087, 30247, 0, 'ok')
(1603.55, 0.0, 30375, 30791, 30087, 30247, 0, 'ok')
(1603.6, 0.0, 30375, 30823, 30087, 30247, 0, 'ok')
(1603.65, 0.0, 30375, 30727, 30087, 30247, 0, 'ok')
(1603.7, 0.0, 30375, 30791, 30087, 30247, 0, 'ok')
(1603.76, 0.0, 30375, 30759, 30087, 30247, 0, 'ok')
(1603.81, 0.0, 30375, 30759, 30087, 30247, 0, 'ok')
(1603.86, 0.0, 30375, 30823, 30087, 30247, 0, 'ok')
(1603.91, 0.0, 30375, 30759, 30087, 30247, 0, 'ok')
(1603.96, 0.0, 30375, 30759, 30087, 30247, 0, 'ok')
(1604.02, 0.0, 30375, 30791, 30087, 30247, 0, 'ok')
(1604.07, 0.0, 30375, 30791, 30087, 30247, 0, 'ok')
(1604.12, 0.0, 30375, 30759, 30087, 30247, 0, 'ok')
(1604.17, 0.0, 30375, 30791, 30087, 30247, 0, 'ok')
(1604.23, 0.0, 30343, 30759, 30087, 30247, 0, 'ok')
(1604.28, 0.0, 30343, 30791, 30087, 30279, 0, 'ok')
(1604.33, 0.0, 30375, 30791, 30087, 30247, 0, 'ok')
(1604.38, 0.0, 30375, 30791, 30087, 30247, 0, 'ok')
(1604.44, 0.0, 30407, 30791, 30087, 30247, 0, 'ok')
(1604.49, 0.0, 30375, 30759, 30087, 30247, 0, 'ok')
(1604.54, 0.0, 30375, 30791, 30087, 30247, 0, 'ok')
(1604.59, 0.0, 30375, 30791, 30087, 30247, 0, 'ok')
(1604.64, 0.0, 30375, 30823, 30087, 30247, 0, 'ok')
(1604.7, 0.0, 30343, 30791, 30087, 30247, 0, 'ok')
(1604.75, 0.0, 30343, 30823, 30087, 30279, 0, 'ok')
(1604.8, 0.0, 30375, 30759, 30087, 30247, 0, 'ok')
(1604.86, 0.0, 30375, 30791, 30087, 30279, 0, 'ok')
(1604.91, 0.0, 30343, 30791, 30087, 30247, 0, 'ok')
(1604.96, 0.0, 30375, 30759, 30087, 30247, 0, 'ok')
(1605.01, 0.0, 30375, 30791, 30087, 30247, 0, 'ok')
(1605.06, 0.0, 30375, 30759, 30087, 30247, 0, 'ok')
(1605.12, 0.0, 30375, 30791, 30087, 30247, 0, 'ok')
(1605.17, 0.0, 30375, 30823, 30087, 30247, 0, 'ok')
(1605.22, 0.0, 30375, 30791, 30087, 30247, 0, 'ok')
(1605.27, 0.0, 30375, 30791, 30087, 30247, 0, 'ok')
(1605.33, 0.0, 30375, 30855, 30087, 30247, 0, 'ok')
(1605.38, 0.0, 30343, 30791, 30087, 30247, 0, 'ok')
(1605.43, 0.0, 30375, 30759, 30087, 30247, 0, 'ok')
(1605.48, 0.0, 30375, 30791, 30087, 30247, 0, 'ok')
(1605.54, 0.0, 30343, 30759, 30087, 30215, 0, 'ok')
(1605.59, 0.0, 30375, 30791, 30087, 30247, 0, 'ok')
(1605.64, 0.0, 30375, 30823, 30087, 30247, 0, 'ok')
(1605.69, 0.0, 30375, 30791, 30087, 30247, 0, 'ok')
(1605.74, 0.0, 30343, 30823, 30087, 30247, 0, 'ok')
(1605.8, 0.0, 30375, 30759, 30087, 30247, 0, 'ok')
(1605.85, 0.0, 30407, 30791, 30087, 30247, 0, 'ok')
(1605.9, 0.0, 30375, 30823, 30087, 30247, 0, 'ok')
(1605.95, 0.0, 30375, 30759, 30087, 30247, 0, 'ok')
(1606.0, 0.0, 30375, 30823, 30087, 30247, 0, 'ok')
(1606.05, 0.0, 30375, 30791, 30119, 30247, 0, 'ok')
(1606.11, 0.0, 30375, 30759, 30087, 30247, 0, 'ok')
(1606.16, 0.0, 30375, 30823, 30087, 30247, 0, 'ok')
(1606.21, 0.0, 30375, 30823, 30087, 30247, 0, 'ok')
(1606.26, 0.0, 30343, 30759, 30087, 30247, 0, 'ok')
(1606.31, 0.0, 30375, 30759, 30087, 30247, 0, 'ok')
(1606.37, 0.0, 30375, 30759, 30087, 30247, 0, 'ok')
(1606.42, 0.0, 30343, 30791, 30087, 30247, 0, 'ok')
(1606.47, 0.0, 30375, 30823, 30087, 30247, 0, 'ok')
(1606.52, 0.0, 30375, 30791, 30087, 30247, 0, 'ok')
(1606.58, 0.0, 30375, 30791, 30087, 30247, 0, 'ok')
(1606.63, 0.0, 30375, 30759, 30087, 30215, 0, 'ok')
(1606.68, 0.0, 30375, 30695, 30087, 30247, 0, 'ok')
(1606.73, 0.0, 30375, 30759, 30087, 30247, 0, 'ok')
(1606.78, 0.0, 30375, 30791, 30055, 30279, 0, 'ok')
(1606.84, 0.0, 30375, 30759, 30087, 30247, 0, 'ok')
(1606.89, 0.0, 30375, 30759, 30087, 30247, 0, 'ok')
(1606.94, 0.0, 30407, 30759, 30087, 30247, 0, 'ok')
(1606.99, 0.0, 30375, 30759, 30055, 30247, 0, 'ok')
(1607.05, 0.0, 30375, 30727, 30087, 30247, 0, 'ok')
(1607.1, 0.0, 30375, 30727, 30055, 30247, 0, 'ok')
(1607.15, 0.0, 30375, 30695, 30087, 30247, 0, 'ok')
(1607.2, 0.0, 30343, 30791, 30087, 30247, 0, 'ok')
(1607.25, 0.0, 30343, 30823, 30087, 30247, 0, 'ok')
(1607.31, 0.0, 30375, 30823, 30087, 30247, 0, 'ok')
(1607.36, 0.0, 30375, 30823, 30087, 30247, 0, 'ok')
(1607.41, 0.0, 30375, 30791, 30055, 30247, 0, 'ok')
(1607.46, 0.0, 30375, 30759, 30087, 30247, 0, 'ok')
(1607.52, 0.0, 30343, 30791, 30087, 30247, 0, 'ok')
(1607.57, 0.0, 30375, 30791, 30087, 30247, 0, 'ok')
(1607.62, 0.0, 30407, 30759, 30087, 30247, 0, 'ok')
(1607.67, 0.0, 30375, 30759, 30087, 30247, 0, 'ok')
(1607.72, 0.0, 30375, 30855, 30087, 30247, 0, 'ok')
(1607.78, 0.0, 30375, 30791, 30055, 30215, 0, 'ok')
(1607.83, 0.0, 30343, 30759, 30087, 30247, 0, 'ok')
(1607.88, 0.0, 30343, 30791, 30087, 30279, 0, 'ok')
(1607.93, 0.0, 30375, 30823, 30087, 30247, 0, 'ok')
(1607.99, 0.0, 30407, 30759, 30119, 30247, 0, 'ok')
(1608.04, 0.0, 30375, 30791, 30087, 30247, 0, 'ok')
(1608.09, 0.0, 30375, 30791, 30087, 30247, 0, 'ok')
(1608.14, 0.0, 30375, 30791, 30087, 30247, 0, 'ok')
(1608.19, 0.0, 30375, 30759, 30087, 30247, 0, 'ok')
(1608.25, 0.0, 30375, 30791, 30087, 30247, 0, 'ok')
(1608.3, 0.0, 30375, 30791, 30087, 30247, 0, 'ok')
(1608.35, 0.0, 30375, 30791, 30087, 30247, 0, 'ok')
(1608.4, 0.0, 30375, 30823, 30087, 30247, 0, 'ok')
(1608.46, 0.0, 30375, 30823, 30087, 30247, 0, 'ok')
(1608.51, 0.0, 30375, 30727, 30055, 30247, 0, 'ok')
(1608.56, 0.0, 30375, 30823, 30087, 30247, 0, 'ok')
(1608.61, 0.0, 30343, 30791, 30087, 30247, 0, 'ok')
(1608.67, 0.0, 30407, 30823, 30087, 30247, 0, 'ok')
(1608.72, 0.0, 30343, 30791, 30087, 30247, 0, 'ok')
(1608.77, 0.0, 30375, 30759, 30087, 30247, 0, 'ok')
(1608.82, 0.0, 30375, 30791, 30087, 30247, 0, 'ok')
(1608.88, 0.0, 30375, 30695, 30087, 30279, 0, 'ok')
(1608.93, 0.0, 30407, 30759, 30087, 30247, 0, 'ok')
(1608.98, 0.0, 30375, 30823, 30087, 30247, 0, 'ok')
(1609.03, 0.0, 30343, 30791, 30087, 30247, 0, 'ok')
(1609.08, 0.0, 30343, 30791, 30087, 30247, 0, 'ok')
(1609.13, 0.0, 30343, 30823, 30087, 30247, 0, 'ok')
(1609.19, 0.0, 30375, 30855, 30087, 30279, 0, 'ok')
(1609.24, 0.0, 30375, 30759, 30087, 30247, 0, 'ok')
(1609.29, 0.0, 30375, 30759, 30087, 30247, 0, 'ok')
(1609.34, 0.0, 30343, 30823, 30087, 30247, 0, 'ok')
(1609.4, 0.0, 30375, 30823, 30087, 30247, 0, 'ok')
(1609.45, 0.0, 30375, 30791, 30087, 30247, 0, 'ok')
(1609.5, 0.0, 30343, 30823, 30087, 30247, 0, 'ok')
(1609.55, 0.0, 30375, 30791, 30087, 30247, 0, 'ok')
(1609.6, 0.0, 30343, 30791, 30087, 30247, 0, 'ok')
(1609.66, 0.0, 30343, 30791, 30055, 30247, 0, 'ok')
(1609.71, 0.0, 30407, 30759, 30087, 30247, 0, 'ok')
(1609.76, 0.0, 30375, 30727, 30087, 30247, 0, 'ok')
(1609.81, 0.0, 30343, 30823, 30055, 30247, 0, 'ok')
(1609.87, 0.0, 30375, 30823, 30087, 30247, 0, 'ok')
(1609.92, 0.0, 30407, 30855, 30087, 30247, 0, 'ok')
(1609.97, 0.0, 30375, 30759, 30087, 30247, 0, 'ok')
(1610.02, 0.0, 30375, 30823, 30087, 30247, 0, 'ok')
(1610.07, 0.0, 30375, 30759, 30087, 30247, 0, 'ok')
(1610.13, 0.0, 30375, 30759, 30087, 30247, 0, 'ok')
(1610.18, 0.0, 30375, 30791, 30055, 30247, 0, 'ok')
(1610.23, 0.0, 30375, 30759, 30087, 30247, 0, 'ok')
(1610.28, 0.0, 30375, 30791, 30087, 30247, 0, 'ok')
(1610.33, 0.0, 30375, 30823, 30087, 30247, 0, 'ok')
(1610.39, 0.0, 30375, 30791, 30087, 30247, 0, 'ok')
(1610.44, 0.0, 30375, 30855, 30087, 30247, 0, 'ok')
(1610.49, 0.0, 30375, 30759, 30055, 30247, 0, 'ok')
(1610.54, 0.0, 30343, 30791, 30087, 30247, 0, 'ok')
(1610.6, 0.0, 30375, 30759, 30087, 30247, 0, 'ok')
(1610.65, 0.0, 30375, 30791, 30087, 30247, 0, 'ok')
(1610.7, 0.0, 30375, 30759, 30087, 30247, 0, 'ok')
(1610.75, 0.0, 30375, 30759, 30087, 30247, 0, 'ok')
(1610.81, 0.0, 30375, 30791, 30087, 30247, 0, 'ok')
(1610.86, 0.0, 30343, 30791, 30087, 30247, 0, 'ok')
(1610.91, 0.0, 30343, 30823, 30087, 30247, 0, 'ok')
(1610.96, 0.0, 30375, 30855, 30087, 30247, 0, 'ok')
(1611.01, 0.0, 30343, 30791, 30087, 30247, 0, 'ok')
(1611.07, 0.0, 30375, 30823, 30087, 30247, 0, 'ok')
(1611.12, 0.0, 30343, 30791, 30087, 30247, 0, 'ok')
(1611.17, 0.0, 30375, 30727, 30087, 30247, 0, 'ok')
(1611.22, 0.0, 30375, 30823, 30087, 30247, 0, 'ok')
(1611.28, 0.0, 30375, 30759, 30087, 30247, 0, 'ok')
(1611.33, 0.0, 30375, 30791, 30087, 30247, 0, 'ok')
(1611.38, 0.0, 30375, 30759, 30087, 30247, 0, 'ok')
(1611.43, 0.0, 30375, 30791, 30087, 30247, 0, 'ok')
(1611.48, 0.0, 30375, 30823, 30087, 30247, 0, 'ok')
(1611.54, 0.0, 30375, 30823, 30087, 30247, 0, 'ok')
(1611.59, 0.0, 30375, 30759, 30087, 30247, 0, 'ok')
(1611.64, 0.0, 30375, 30823, 30087, 30247, 0, 'ok')
(1611.69, 0.0, 30375, 30823, 30087, 30247, 0, 'ok')
(1611.74, 0.0, 30375, 30823, 30055, 30247, 0, 'ok')
(1611.79, 0.0, 30375, 30759, 30087, 30247, 0, 'ok')
(1611.85, 0.0, 30343, 30791, 30087, 30247, 0, 'ok')
(1611.9, 0.0, 30343, 30759, 30087, 30279, 0, 'ok')
(1611.95, 0.0, 30343, 30759, 30055, 30247, 0, 'ok')
(1612.0, 0.0, 30343, 30759, 30087, 30247, 0, 'ok')
(1612.06, 0.0, 30375, 30759, 30087, 30279, 0, 'ok')
(1612.11, 0.0, 30375, 30759, 30087, 30247, 0, 'ok')
(1612.16, 0.0, 30375, 30791, 30087, 30247, 0, 'ok')
(1612.21, 0.0, 30343, 30759, 30087, 30247, 0, 'ok')
(1612.26, 0.0, 30375, 30791, 30087, 30247, 0, 'ok')
(1612.32, 0.0, 30375, 30791, 30087, 30247, 0, 'ok')
(1612.37, 0.0, 30343, 30759, 30087, 30247, 0, 'ok')
(1612.42, 0.0, 30343, 30759, 30087, 30247, 0, 'ok')
(1612.47, 0.0, 30375, 30759, 30087, 30247, 0, 'ok')
(1612.53, 0.0, 30375, 30759, 30087, 30247, 0, 'ok')
(1612.58, 0.0, 30375, 30791, 30087, 30247, 0, 'ok')
(1612.63, 0.0, 30375, 30791, 30055, 30247, 0, 'ok')
(1612.68, 0.0, 30375, 30727, 30087, 30215, 0, 'ok')
(1612.74, 0.0, 30375, 30791, 30087, 30247, 0, 'ok')
(1612.79, 0.0, 30375, 30823, 30087, 30247, 0, 'ok')
(1612.84, 0.0, 30375, 30759, 30087, 30247, 0, 'ok')
(1612.89, 0.0, 30375, 30759, 30087, 30247, 0, 'ok')
(1612.94, 0.0, 30375, 30759, 30087, 30247, 0, 'ok')
(1612.99, 0.0, 30375, 30823, 30087, 30247, 0, 'ok')
(1613.05, 0.0, 30407, 30791, 30087, 30247, 0, 'ok')
(1613.1, 0.0, 30375, 30791, 30087, 30247, 0, 'ok')
(1613.15, 0.0, 30375, 30791, 30087, 30247, 0, 'ok')
(1613.2, 0.0, 30375, 30727, 30087, 30247, 0, 'ok')
(1613.25, 0.0, 30375, 30759, 30087, 30247, 0, 'ok')
(1613.3, 0.0, 30343, 30759, 30087, 30247, 0, 'ok')
(1613.36, 0.0, 30375, 30759, 30055, 30247, 0, 'ok')
(1613.41, 0.0, 30375, 30855, 30087, 30247, 0, 'ok')
(1613.46, 0.0, 30375, 30759, 30087, 30247, 0, 'ok')
(1613.51, 0.0, 30375, 30823, 30087, 30247, 0, 'ok')
(1613.57, 0.0, 30375, 30759, 30087, 30247, 0, 'ok')
(1613.62, 0.0, 30375, 30759, 30087, 30247, 0, 'ok')
(1613.67, 0.0, 30343, 30791, 30087, 30247, 0, 'ok')
(1613.72, 0.0, 30343, 30791, 30087, 30247, 0, 'ok')
(1613.77, 0.0, 30407, 30759, 30087, 30247, 0, 'ok')
(1613.83, 0.0, 30375, 30791, 30087, 30247, 0, 'ok')
(1613.88, 0.0, 30375, 30823, 30087, 30247, 0, 'ok')
(1613.93, 0.0, 30343, 30759, 30055, 30247, 0, 'ok')
(1613.98, 0.0, 30375, 30823, 30087, 30247, 0, 'ok')
(1614.04, 0.0, 30375, 30759, 30087, 30247, 0, 'ok')
(1614.09, 0.0, 30375, 30791, 30119, 30247, 0, 'ok')
(1614.14, 0.0, 30375, 30759, 30087, 30247, 0, 'ok')
(1614.19, 0.0, 30343, 30791, 30087, 30215, 0, 'ok')
(1614.25, 0.0, 30375, 30791, 30087, 30247, 0, 'ok')
(1614.3, 0.0, 30375, 30759, 30087, 30247, 0, 'ok')
(1614.35, 0.0, 30375, 30727, 30087, 30247, 0, 'ok')
(1614.4, 0.0, 30375, 30759, 30087, 30247, 0, 'ok')
(1614.45, 0.0, 30407, 30727, 30087, 30247, 0, 'ok')
(1614.51, 0.0, 30343, 30823, 30087, 30247, 0, 'ok')
(1614.56, 0.0, 30375, 30727, 30087, 30247, 0, 'ok')
(1614.61, 0.0, 30407, 30759, 30087, 30247, 0, 'ok')
(1614.66, 0.0, 30375, 30823, 30055, 30247, 0, 'ok')
(1614.71, 0.0, 30375, 30759, 30087, 30247, 0, 'ok')
(1614.77, 0.0, 30375, 30759, 30087, 30247, 0, 'ok')
(1614.82, 0.0, 30343, 30791, 30087, 30247, 0, 'ok')
(1614.87, 0.0, 30343, 30791, 30087, 30247, 0, 'ok')
(1614.92, 0.0, 30343, 30759, 30087, 30247, 0, 'ok')
(1614.98, 0.0, 30375, 30791, 30087, 30247, 0, 'ok')
(1615.03, 0.0, 30407, 30759, 30087, 30279, 0, 'ok')
(1615.08, 0.0, 30375, 30823, 30087, 30247, 0, 'ok')
(1615.13, 0.0, 30375, 30791, 30087, 30247, 0, 'ok')
(1615.19, 0.0, 30343, 30791, 30087, 30247, 0, 'ok')
(1615.24, 0.0, 30375, 30791, 30087, 30247, 0, 'ok')
(1615.29, 0.0, 30407, 30855, 30087, 30247, 0, 'ok')
(1615.34, 0.0, 30407, 30695, 30087, 30247, 0, 'ok')
(1615.4, 0.0, 30375, 30791, 30087, 30247, 0, 'ok')
(1615.45, 0.0, 30375, 30727, 30087, 30215, 0, 'ok')
(1615.5, 0.0, 30343, 30823, 30087, 30247, 0, 'ok')
(1615.55, 0.0, 30343, 30823, 30087, 30247, 0, 'ok')
(1615.6, 0.0, 30343, 30791, 30087, 30247, 0, 'ok')
(1615.66, 0.0, 30375, 30823, 30087, 30247, 0, 'ok')
(1615.71, 0.0, 30375, 30823, 30087, 30247, 0, 'ok')
(1615.76, 0.0, 30407, 30759, 30087, 30247, 0, 'ok')
(1615.81, 0.0, 30375, 30759, 30087, 30247, 0, 'ok')
(1615.86, 0.0, 30375, 30759, 30087, 30247, 0, 'ok')
(1615.92, 0.0, 30375, 30791, 30087, 30247, 0, 'ok')
(1615.97, 0.0, 30375, 30791, 30087, 30247, 0, 'ok')
(1616.02, 0.0, 30375, 30823, 30087, 30247, 0, 'ok')
(1616.07, 0.0, 30407, 30759, 30087, 30247, 0, 'ok')
(1616.13, 0.0, 30343, 30727, 30087, 30247, 0, 'ok')
(1616.18, 0.0, 30375, 30727, 30087, 30247, 0, 'ok')
(1616.23, 0.0, 30343, 30759, 30087, 30247, 0, 'ok')
(1616.28, 0.0, 30375, 30759, 30087, 30247, 0, 'ok')
(1616.33, 0.0, 30343, 30727, 30087, 30247, 0, 'ok')
(1616.39, 0.0, 30375, 30791, 30087, 30247, 0, 'ok')
(1616.44, 0.0, 30375, 30791, 30087, 30247, 0, 'ok')
(1616.49, 0.0, 30375, 30759, 30087, 30247, 0, 'ok')
(1616.54, 0.0, 30375, 30759, 30087, 30247, 0, 'ok')
(1616.6, 0.0, 30375, 30791, 30087, 30247, 0, 'ok')
(1616.65, 0.0, 30375, 30791, 30087, 30247, 0, 'ok')
(1616.7, 0.0, 30343, 30823, 30087, 30247, 0, 'ok')
(1616.75, 0.0, 30343, 30823, 30055, 30247, 0, 'ok')
(1616.8, 0.0, 30375, 30791, 30087, 30247, 0, 'ok')
(1616.86, 0.0, 30343, 30759, 30087, 30247, 0, 'ok')
(1616.91, 0.0, 30375, 30791, 30087, 30247, 0, 'ok')
(1616.96, 0.0, 30375, 30855, 30087, 30247, 0, 'ok')
(1617.01, 0.0, 30375, 30695, 30087, 30247, 0, 'ok')
(1617.07, 0.0, 30375, 30823, 30087, 30247, 0, 'ok')
(1617.12, 0.0, 30343, 30823, 30087, 30247, 0, 'ok')
(1617.17, 0.0, 30375, 30823, 30087, 30247, 0, 'ok')
(1617.22, 0.0, 30375, 30759, 30055, 30247, 0, 'ok')
(1617.27, 0.0, 30375, 30727, 30087, 30247, 0, 'ok')
(1617.33, 0.0, 30407, 30759, 30087, 30247, 0, 'ok')
(1617.38, 0.0, 30375, 30791, 30087, 30247, 0, 'ok')
(1617.43, 0.0, 30375, 30759, 30087, 30247, 0, 'ok')
(1617.48, 0.0, 30343, 30791, 30087, 30247, 0, 'ok')
(1617.54, 0.0, 30343, 30791, 30087, 30247, 0, 'ok')
(1617.59, 0.0, 30343, 30759, 30087, 30247, 0, 'ok')
(1617.64, 0.0, 30375, 30759, 30119, 30247, 0, 'ok')
(1617.69, 0.0, 30375, 30791, 30087, 30247, 0, 'ok')
(1617.74, 0.0, 30375, 30823, 30087, 30247, 0, 'ok')
(1617.8, 0.0, 30375, 30887, 30087, 30247, 0, 'ok')
(1617.85, 0.0, 30375, 30791, 30055, 30247, 0, 'ok')
(1617.9, 0.0, 30375, 30759, 30087, 30247, 0, 'ok')
(1617.95, 0.0, 30375, 30791, 30087, 30247, 0, 'ok')
(1618.01, 0.0, 30375, 30791, 30087, 30247, 0, 'ok')
(1618.06, 0.0, 30375, 30791, 30087, 30247, 0, 'ok')
(1618.11, 0.0, 30407, 30791, 30087, 30247, 0, 'ok')
(1618.16, 0.0, 30375, 30759, 30087, 30247, 0, 'ok')
(1618.21, 0.0, 30407, 30759, 30087, 30247, 0, 'ok')
(1618.27, 0.0, 30407, 30759, 30087, 30247, 0, 'ok')
(1618.32, 0.0, 30343, 30791, 30087, 30247, 0, 'ok')
(1618.37, 0.0, 30375, 30791, 30087, 30247, 0, 'ok')
(1618.42, 0.0, 30407, 30759, 30055, 30247, 0, 'ok')
(1618.48, 0.0, 30343, 30791, 30087, 30247, 0, 'ok')
(1618.53, 0.0, 30343, 30759, 30055, 30247, 0, 'ok')
(1618.58, 0.0, 30375, 30727, 30055, 30247, 0, 'ok')
(1618.63, 0.0, 30343, 30791, 30087, 30247, 0, 'ok')
(1618.68, 0.0, 30407, 30791, 30087, 30247, 0, 'ok')
(1618.73, 0.0, 30407, 30791, 30087, 30247, 0, 'ok')
(1618.79, 0.0, 30375, 30759, 30055, 30247, 0, 'ok')
(1618.84, 0.0, 30375, 30727, 30055, 30247, 0, 'ok')
(1618.89, 0.0, 30375, 30823, 30087, 30247, 0, 'ok')
(1618.94, 0.0, 30375, 30823, 30087, 30247, 0, 'ok')
(1619.0, 0.0, 30343, 30791, 30087, 30247, 0, 'ok')
(1619.05, 0.0, 30375, 30727, 30087, 30247, 0, 'ok')
(1619.1, 0.0, 30343, 30791, 30087, 30247, 0, 'ok')
(1619.15, 0.0, 30375, 30759, 30087, 30247, 0, 'ok')
(1619.2, 0.0, 30375, 30791, 30087, 30247, 0, 'ok')
(1619.26, 0.0, 30343, 30791, 30087, 30247, 0, 'ok')
(1619.31, 0.0, 30375, 30727, 30087, 30247, 0, 'ok')
(1619.36, 0.0, 30343, 30791, 30087, 30215, 0, 'ok')
(1619.41, 0.0, 30343, 30791, 30087, 30247, 0, 'ok')
(1619.47, 0.0, 30375, 30823, 30087, 30247, 0, 'ok')
(1619.52, 0.0, 30375, 30727, 30087, 30247, 0, 'ok')
(1619.57, 0.0, 30375, 30759, 30087, 30247, 0, 'ok')
(1619.62, 0.0, 30375, 30791, 30087, 30247, 0, 'ok')
(1619.67, 0.0, 30407, 30759, 30087, 30247, 0, 'ok')
(1619.73, 0.0, 30343, 30791, 30087, 30247, 0, 'ok')
(1619.78, 0.0, 30343, 30727, 30055, 30247, 0, 'ok')
(1619.83, 0.0, 30407, 30759, 30087, 30247, 0, 'ok')
(1619.88, 0.0, 30343, 30759, 30087, 30215, 0, 'ok')
(1619.94, 0.0, 30343, 30823, 30087, 30247, 0, 'ok')
(1619.99, 0.0, 30407, 30823, 30087, 30247, 0, 'ok')
(1620.04, 0.0, 30375, 30791, 30087, 30247, 0, 'ok')
(1620.09, 0.0, 30375, 30759, 30087, 30247, 0, 'ok')
(1620.15, 0.0, 30343, 30759, 30087, 30247, 0, 'ok')
(1620.2, 0.0, 30375, 30759, 30087, 30247, 0, 'ok')
(1620.25, 0.0, 30375, 30759, 30087, 30215, 0, 'ok')
(1620.3, 0.0, 30343, 30791, 30087, 30247, 0, 'ok')
(1620.35, 0.0, 30343, 30791, 30087, 30247, 0, 'ok')
(1620.41, 0.0, 30375, 30791, 30087, 30247, 0, 'ok')
(1620.46, 0.0, 30375, 30823, 30087, 30247, 0, 'ok')
(1620.51, 0.0, 30375, 30791, 30087, 30247, 0, 'ok')
(1620.56, 0.0, 30343, 30759, 30055, 30247, 0, 'ok')
(1620.62, 0.0, 30343, 30791, 30087, 30247, 0, 'ok')
(1620.67, 0.0, 30375, 30791, 30087, 30247, 0, 'ok')
(1620.72, 0.0, 30375, 30791, 30087, 30247, 0, 'ok')
(1620.77, 0.0, 30375, 30727, 30087, 30247, 0, 'ok')
(1620.82, 0.0, 30343, 30759, 30087, 30247, 0, 'ok')
(1620.88, 0.0, 30375, 30791, 30087, 30247, 0, 'ok')
(1620.93, 0.0, 30375, 30759, 30087, 30247, 0, 'ok')
(1620.98, 0.0, 30375, 30759, 30087, 30247, 0, 'ok')
(1621.03, 0.0, 30343, 30791, 30087, 30247, 0, 'ok')
(1621.08, 0.0, 30375, 30759, 30087, 30247, 0, 'ok')
(1621.14, 0.0, 30343, 30759, 30055, 30247, 0, 'ok')
(1621.19, 0.0, 30375, 30791, 30055, 30247, 0, 'ok')
(1621.24, 0.0, 30375, 30791, 30087, 30247, 0, 'ok')
(1621.29, 0.0, 30375, 30759, 30087, 30247, 0, 'ok')
(1621.34, 0.0, 30375, 30791, 30087, 30247, 0, 'ok')
(1621.4, 0.0, 30375, 30727, 30055, 30247, 0, 'ok')
(1621.45, 0.0, 30375, 30791, 30087, 30247, 0, 'ok')
(1621.5, 0.0, 30375, 30727, 30087, 30247, 0, 'ok')
(1621.55, 0.0, 30375, 30791, 30087, 30247, 0, 'ok')
(1621.61, 0.0, 30375, 30791, 30087, 30247, 0, 'ok')
(1621.66, 0.0, 30375, 30759, 30087, 30247, 0, 'ok')
(1621.71, 0.0, 30343, 30791, 30087, 30247, 0, 'ok')
(1621.76, 0.0, 30375, 30791, 30087, 30247, 0, 'ok')
(1621.81, 0.0, 30343, 30823, 30087, 30247, 0, 'ok')
(1621.87, 0.0, 30343, 30791, 30119, 30247, 0, 'ok')
(1621.92, 0.0, 30343, 30759, 30087, 30247, 0, 'ok')
(1621.97, 0.0, 30375, 30791, 30087, 30247, 0, 'ok')
(1622.02, 0.0, 30343, 30727, 30087, 30247, 0, 'ok')
(1622.08, 0.0, 30375, 30791, 30087, 30247, 0, 'ok')
(1622.13, 0.0, 30375, 30759, 30087, 30215, 0, 'ok')
(1622.18, 0.0, 30343, 30823, 30087, 30247, 0, 'ok')
(1622.23, 0.0, 30375, 30855, 30055, 30247, 0, 'ok')
(1622.28, 0.0, 30375, 30791, 30087, 30247, 0, 'ok')
(1622.33, 0.0, 30343, 30727, 30055, 30247, 0, 'ok')
(1622.39, 0.0, 30375, 30791, 30087, 30247, 0, 'ok')
(1622.44, 0.0, 30375, 30791, 30055, 30247, 0, 'ok')
(1622.49, 0.0, 30375, 30823, 30055, 30247, 0, 'ok')
(1622.54, 0.0, 30375, 30791, 30087, 30247, 0, 'ok')
(1622.6, 0.0, 30375, 30759, 30087, 30247, 0, 'ok')
(1622.65, 0.0, 30375, 30791, 30087, 30247, 0, 'ok')
(1622.7, 0.0, 30375, 30759, 30087, 30247, 0, 'ok')
(1622.75, 0.0, 30375, 30727, 30087, 30247, 0, 'ok')
(1622.8, 0.0, 30375, 30791, 30087, 30247, 0, 'ok')
(1622.85, 0.0, 30375, 30791, 30087, 30247, 0, 'ok')
(1622.91, 0.0, 30343, 30791, 30087, 30247, 0, 'ok')
(1622.96, 0.0, 30343, 30791, 30055, 30247, 0, 'ok')
(1623.01, 0.0, 30375, 30791, 30087, 30215, 0, 'ok')
(1623.06, 0.0, 30375, 30759, 30087, 30247, 0, 'ok')
(1623.12, 0.0, 30375, 30791, 30087, 30247, 0, 'ok')
(1623.17, 0.0, 30343, 30759, 30087, 30247, 0, 'ok')
(1623.22, 0.0, 30343, 30791, 30087, 30247, 0, 'ok')
(1623.27, 0.0, 30343, 30791, 30087, 30247, 0, 'ok')
(1623.33, 0.0, 30375, 30727, 30087, 30215, 0, 'ok')
(1623.38, 0.0, 30343, 30759, 30087, 30247, 0, 'ok')
(1623.43, 0.0, 30375, 30791, 30087, 30215, 0, 'ok')
(1623.48, 0.0, 30375, 30695, 30087, 30247, 0, 'ok')
(1623.53, 0.0, 30343, 30791, 30055, 30247, 0, 'ok')
(1623.59, 0.0, 30375, 30791, 30087, 30247, 0, 'ok')
(1623.64, 0.0, 30343, 30759, 30087, 30247, 0, 'ok')
(1623.69, 0.0, 30343, 30759, 30087, 30247, 0, 'ok')
(1623.74, 0.0, 30375, 30759, 30055, 30215, 0, 'ok')
(1623.79, 0.0, 30343, 30759, 30087, 30247, 0, 'ok')
(1623.85, 0.0, 30375, 30759, 30087, 30247, 0, 'ok')
(1623.9, 0.0, 30343, 30791, 30087, 30215, 0, 'ok')
(1623.95, 0.0, 30375, 30759, 30087, 30247, 0, 'ok')
(1624.0, 0.0, 30343, 30759, 30087, 30247, 0, 'ok')
(1624.06, 0.0, 30375, 30759, 30055, 30247, 0, 'ok')
(1624.11, 0.0, 30375, 30823, 30055, 30247, 0, 'ok')
(1624.16, 0.0, 30375, 30759, 30087, 30215, 0, 'ok')
(1624.21, 0.0, 30375, 30791, 30087, 30247, 0, 'ok')
(1624.26, 0.0, 30375, 30759, 30087, 30247, 0, 'ok')
(1624.32, 0.0, 30375, 30727, 30087, 30247, 0, 'ok')
(1624.37, 0.0, 30343, 30791, 30087, 30215, 0, 'ok')
(1624.42, 0.0, 30343, 30759, 30087, 30247, 0, 'ok')
(1624.47, 0.0, 30343, 30759, 30087, 30247, 0, 'ok')
(1624.53, 0.0, 30375, 30727, 30087, 30247, 0, 'ok')
(1624.58, 0.0, 30375, 30759, 30087, 30247, 0, 'ok')
(1624.63, 0.0, 30343, 30759, 30087, 30247, 0, 'ok')
(1624.68, 0.0, 30375, 30695, 30087, 30279, 0, 'ok')
(1624.73, 0.0, 30407, 30727, 30087, 30215, 0, 'ok')
(1624.79, 0.0, 30375, 30791, 30087, 30247, 0, 'ok')
(1624.84, 0.0, 30375, 30759, 30087, 30247, 0, 'ok')
(1624.89, 0.0, 30375, 30759, 30087, 30247, 0, 'ok')
(1624.94, 0.0, 30343, 30727, 30087, 30247, 0, 'ok')
(1624.99, 0.0, 30375, 30791, 30087, 30247, 0, 'ok')
(1625.04, 0.0, 30375, 30759, 30087, 30247, 0, 'ok')
(1625.1, 0.0, 30375, 30759, 30055, 30247, 0, 'ok')
(1625.15, 0.0, 30375, 30727, 30087, 30247, 0, 'ok')
(1625.2, 0.0, 30375, 30759, 30087, 30247, 0, 'ok')
(1625.25, 0.0, 30375, 30727, 30087, 30247, 0, 'ok')
(1625.3, 0.0, 30375, 30791, 30087, 30247, 0, 'ok')
(1625.35, 0.0, 30343, 30727, 30087, 30247, 0, 'ok')
(1625.41, 0.0, 30375, 30727, 30055, 30247, 0, 'ok')
(1625.46, 0.0, 30407, 30823, 30087, 30247, 0, 'ok')
(1625.51, 0.0, 30375, 30791, 30087, 30247, 0, 'ok')
(1625.56, 0.0, 30343, 30791, 30087, 30247, 0, 'ok')
(1625.61, 0.0, 30375, 30791, 30087, 30247, 0, 'ok')
(1625.67, 0.0, 30375, 30727, 30087, 30247, 0, 'ok')
(1625.72, 0.0, 30375, 30727, 30055, 30247, 0, 'ok')
(1625.77, 0.0, 30375, 30759, 30087, 30247, 0, 'ok')
(1625.82, 0.0, 30375, 30759, 30087, 30247, 0, 'ok')
(1625.88, 0.0, 30343, 30759, 30087, 30247, 0, 'ok')
(1625.93, 0.0, 30375, 30759, 30087, 30247, 0, 'ok')
(1625.98, 0.0, 30375, 30759, 30087, 30247, 0, 'ok')
(1626.03, 0.0, 30343, 30727, 30087, 30247, 0, 'ok')
(1626.08, 0.0, 30343, 30759, 30087, 30279, 0, 'ok')
(1626.14, 0.0, 30343, 30727, 30087, 30247, 0, 'ok')
(1626.19, 0.0, 30343, 30759, 30087, 30215, 0, 'ok')
(1626.24, 0.0, 30343, 30759, 30087, 30247, 0, 'ok')
(1626.29, 0.0, 30343, 30823, 30087, 30247, 0, 'ok')
(1626.34, 0.0, 30343, 30759, 30087, 30247, 0, 'ok')
(1626.4, 0.0, 30343, 30823, 30087, 30247, 0, 'ok')
(1626.45, 0.0, 30375, 30759, 30087, 30247, 0, 'ok')
(1626.5, 0.0, 30343, 30823, 30087, 30247, 0, 'ok')
(1626.55, 0.0, 30343, 30759, 30087, 30247, 0, 'ok')
(1626.61, 0.0, 30407, 30791, 30087, 30215, 0, 'ok')
(1626.66, 0.0, 30343, 30759, 30087, 30247, 0, 'ok')
(1626.71, 0.0, 30343, 30759, 30087, 30247, 0, 'ok')
(1626.76, 0.0, 30375, 30759, 30087, 30247, 0, 'ok')
(1626.81, 0.0, 30375, 30759, 30087, 30247, 0, 'ok')
(1626.87, 0.0, 30375, 30727, 30087, 30247, 0, 'ok')
(1626.92, 0.0, 30375, 30759, 30087, 30247, 0, 'ok')
(1626.97, 0.0, 30375, 30823, 30055, 30247, 0, 'ok')
(1627.02, 0.0, 30407, 30759, 30087, 30247, 0, 'ok')
(1627.07, 0.0, 30375, 30791, 30087, 30247, 0, 'ok')
(1627.12, 0.0, 30375, 30695, 30087, 30215, 0, 'ok')
(1627.18, 0.0, 30343, 30727, 30087, 30247, 0, 'ok')
(1627.23, 0.0, 30375, 30791, 30087, 30247, 0, 'ok')
(1627.28, 0.0, 30407, 30791, 30087, 30247, 0, 'ok')
(1627.33, 0.0, 30343, 30791, 30087, 30279, 0, 'ok')
(1627.38, 0.0, 30375, 30759, 30087, 30279, 0, 'ok')
(1627.44, 0.0, 30375, 30823, 30087, 30247, 0, 'ok')
(1627.49, 0.0, 30375, 30791, 30087, 30247, 0, 'ok')
(1627.54, 0.0, 30375, 30791, 30055, 30247, 0, 'ok')
(1627.59, 0.0, 30343, 30759, 30087, 30247, 0, 'ok')
(1627.65, 0.0, 30407, 30727, 30087, 30247, 0, 'ok')
(1627.7, 0.0, 30343, 30727, 30087, 30247, 0, 'ok')
(1627.75, 0.0, 30343, 30791, 30087, 30247, 0, 'ok')
(1627.8, 0.0, 30375, 30759, 30087, 30247, 0, 'ok')
(1627.85, 0.0, 30375, 30727, 30087, 30247, 0, 'ok')
(1627.91, 0.0, 30407, 30727, 30087, 30247, 0, 'ok')
(1627.96, 0.0, 30343, 30791, 30087, 30247, 0, 'ok')
(1628.01, 0.0, 30343, 30727, 30087, 30247, 0, 'ok')
(1628.06, 0.0, 30375, 30759, 30119, 30247, 0, 'ok')
(1628.12, 0.0, 30407, 30791, 30087, 30247, 0, 'ok')
(1628.17, 0.0, 30407, 30727, 30087, 30247, 0, 'ok')
(1628.22, 0.0, 30375, 30727, 30087, 30247, 0, 'ok')
(1628.27, 0.0, 30375, 30791, 30087, 30247, 0, 'ok')
(1628.32, 0.0, 30375, 30791, 30087, 30215, 0, 'ok')
(1628.38, 0.0, 30343, 30759, 30087, 30247, 0, 'ok')
(1628.43, 0.0, 30375, 30759, 30087, 30215, 0, 'ok')
(1628.48, 0.0, 30343, 30727, 30087, 30247, 0, 'ok')
(1628.53, 0.0, 30375, 30791, 30087, 30247, 0, 'ok')
(1628.59, 0.0, 30375, 30695, 30087, 30247, 0, 'ok')
(1628.64, 0.0, 30375, 30791, 30087, 30215, 0, 'ok')
(1628.69, 0.0, 30375, 30791, 30087, 30247, 0, 'ok')
(1628.74, 0.0, 30375, 30759, 30087, 30247, 0, 'ok')
(1628.79, 0.0, 30407, 30791, 30087, 30215, 0, 'ok')
(1628.85, 0.0, 30375, 30727, 30087, 30247, 0, 'ok')
(1628.9, 0.0, 30375, 30695, 30087, 30247, 0, 'ok')
(1628.95, 0.0, 30407, 30695, 30087, 30247, 0, 'ok')
(1629.0, 0.0, 30375, 30759, 30087, 30247, 0, 'ok')
(1629.06, 0.0, 30375, 30663, 30119, 30247, 0, 'ok')
(1629.11, 0.0, 30375, 30791, 30087, 30247, 0, 'ok')
(1629.16, 0.0, 30375, 30663, 30087, 30247, 0, 'ok')
(1629.21, 0.0, 30375, 30695, 30119, 30247, 0, 'ok')
(1629.26, 0.0, 30375, 30791, 30087, 30247, 0, 'ok')
(1629.32, 0.0, 30343, 30823, 30087, 30247, 0, 'ok')
(1629.37, 0.0, 30375, 30791, 30087, 30247, 0, 'ok')
(1629.42, 0.0, 30407, 30759, 30087, 30247, 0, 'ok')
(1629.47, 0.0, 30343, 30759, 30087, 30247, 0, 'ok')
(1629.53, 0.0, 30311, 30791, 30087, 30247, 0, 'ok')
(1629.58, 0.0, 30375, 30727, 30087, 30247, 0, 'ok')
(1629.63, 0.0, 30375, 30759, 30087, 30247, 0, 'ok')
(1629.68, 0.0, 30375, 30663, 30087, 30247, 0, 'ok')
(1629.73, 0.0, 30375, 30727, 30087, 30247, 0, 'ok')
(1629.79, 0.0, 30343, 30727, 30087, 30247, 0, 'ok')
(1629.84, 0.0, 30343, 30759, 30087, 30247, 0, 'ok')
(1629.89, 0.0, 30375, 30759, 30087, 30247, 0, 'ok')
(1629.94, 0.0, 30375, 30727, 30087, 30247, 0, 'ok')
(1630.0, 0.0, 30375, 30759, 30087, 30279, 0, 'ok')
(1630.05, 0.0, 30375, 30727, 30087, 30247, 0, 'ok')
(1630.1, 0.0, 30375, 30791, 30087, 30247, 0, 'ok')
(1630.15, 0.0, 30343, 30823, 30055, 30247, 0, 'ok')
(1630.21, 0.0, 30343, 30695, 30119, 30247, 0, 'ok')
(1630.26, 0.0, 30343, 30759, 30055, 30247, 0, 'ok')
(1630.31, 0.0, 30375, 30791, 30087, 30247, 0, 'ok')
(1630.36, 0.0, 30375, 30759, 30087, 30247, 0, 'ok')
(1630.41, 0.0, 30343, 30791, 30087, 30247, 0, 'ok')
(1630.46, 0.0, 30375, 30759, 30087, 30247, 0, 'ok')
(1630.52, 0.0, 30343, 30759, 30087, 30247, 0, 'ok')
(1630.57, 0.0, 30343, 30759, 30087, 30215, 0, 'ok')
(1630.62, 0.0, 30407, 30791, 30087, 30215, 0, 'ok')
(1630.67, 0.0, 30343, 30727, 30087, 30215, 0, 'ok')
(1630.72, 0.0, 30343, 30759, 30087, 30215, 0, 'ok')
(1630.78, 0.0, 30375, 30759, 30087, 30247, 0, 'ok')
(1630.83, 0.0, 30375, 30791, 30087, 30247, 0, 'ok')
(1630.88, 0.0, 30407, 30759, 30087, 30247, 0, 'ok')
(1630.94, 0.0, 30375, 30727, 30087, 30247, 0, 'ok')
(1630.99, 0.0, 30375, 30727, 30119, 30247, 0, 'ok')
(1631.04, 0.0, 30343, 30759, 30087, 30215, 0, 'ok')
(1631.09, 0.0, 30375, 30759, 30055, 30247, 0, 'ok')
(1631.14, 0.0, 30407, 30727, 30119, 30247, 0, 'ok')
(1631.2, 0.0, 30375, 30695, 30087, 30247, 0, 'ok')
(1631.25, 0.0, 30343, 30759, 30087, 30247, 0, 'ok')
(1631.3, 0.0, 30343, 30791, 30119, 30247, 0, 'ok')
(1631.35, 0.0, 30375, 30727, 30087, 30215, 0, 'ok')
(1631.4, 0.0, 30375, 30759, 30087, 30215, 0, 'ok')
(1631.46, 0.0, 30375, 30727, 30087, 30247, 0, 'ok')
(1631.51, 0.0, 30343, 30695, 30087, 30247, 0, 'ok')
(1631.56, 0.0, 30343, 30791, 30087, 30247, 0, 'ok')
(1631.61, 0.0, 30375, 30695, 30087, 30215, 0, 'ok')
(1631.67, 0.0, 30343, 30759, 30087, 30247, 0, 'ok')
(1631.72, 0.0, 30375, 30759, 30087, 30215, 0, 'ok')
(1631.77, 0.0, 30375, 30727, 30087, 30215, 0, 'ok')
(1631.82, 0.0, 30375, 30791, 30087, 30247, 0, 'ok')
(1631.88, 0.0, 30375, 30759, 30087, 30215, 0, 'ok')
(1631.93, 0.0, 30375, 30759, 30055, 30215, 0, 'ok')
(1631.98, 0.0, 30375, 30759, 30087, 30247, 0, 'ok')
(1632.03, 0.0, 30375, 30727, 30087, 30279, 0, 'ok')
(1632.08, 0.0, 30343, 30791, 30087, 30247, 0, 'ok')
(1632.13, 0.0, 30375, 30759, 30119, 30215, 0, 'ok')
(1632.19, 0.0, 30375, 30759, 30087, 30215, 0, 'ok')
(1632.24, 0.0, 30375, 30759, 30087, 30247, 0, 'ok')
(1632.29, 0.0, 30375, 30791, 30087, 30215, 0, 'ok')
(1632.34, 0.0, 30343, 30759, 30087, 30247, 0, 'ok')
(1632.39, 0.0, 30343, 30727, 30087, 30247, 0, 'ok')
(1632.45, 0.0, 30375, 30791, 30087, 30247, 0, 'ok')
(1632.5, 0.0, 30375, 30759, 30087, 30247, 0, 'ok')
(1632.55, 0.0, 30375, 30791, 30087, 30247, 0, 'ok')
(1632.6, 0.0, 30375, 30759, 30087, 30247, 0, 'ok')
(1632.65, 0.0, 30343, 30695, 30087, 30247, 0, 'ok')
(1632.7, 0.0, 30375, 30727, 30087, 30247, 0, 'ok')
(1632.76, 0.0, 30375, 30759, 30087, 30215, 0, 'ok')
(1632.81, 0.0, 30375, 30759, 30087, 30215, 0, 'ok')
(1632.86, 0.0, 30375, 30759, 30087, 30247, 0, 'ok')
(1632.91, 0.0, 30375, 30759, 30087, 30215, 0, 'ok')
(1632.96, 0.0, 30375, 30759, 30087, 30247, 0, 'ok')
(1633.02, 0.0, 30375, 30695, 30087, 30247, 0, 'ok')
(1633.07, 0.0, 30375, 30791, 30087, 30215, 0, 'ok')
(1633.12, 0.0, 30343, 30759, 30087, 30215, 0, 'ok')
(1633.17, 0.0, 30375, 30759, 30055, 30215, 0, 'ok')
(1633.23, 0.0, 30375, 30759, 30087, 30215, 0, 'ok')
(1633.28, 0.0, 30343, 30663, 30087, 30215, 0, 'ok')
(1633.33, 0.0, 30375, 30759, 30087, 30215, 0, 'ok')
(1633.38, 0.0, 30375, 30791, 30087, 30247, 0, 'ok')
(1633.44, 0.0, 30375, 30695, 30087, 30215, 0, 'ok')
(1633.49, 0.0, 30343, 30759, 30087, 30215, 0, 'ok')
(1633.54, 0.0, 30375, 30823, 30087, 30215, 0, 'ok')
(1633.59, 0.0, 30343, 30759, 30087, 30247, 0, 'ok')
(1633.65, 0.0, 30343, 30727, 30087, 30247, 0, 'ok')
(1633.7, 0.0, 30407, 30695, 30119, 30215, 0, 'ok')
(1633.75, 0.0, 30375, 30759, 30087, 30247, 0, 'ok')
(1633.8, 0.0, 30407, 30759, 30087, 30215, 0, 'ok')
(1633.85, 0.0, 30343, 30727, 30087, 30215, 0, 'ok')
(1633.9, 0.0, 30375, 30695, 30087, 30215, 0, 'ok')
(1633.96, 0.0, 30343, 30759, 30087, 30215, 0, 'ok')
(1634.01, 0.0, 30375, 30727, 30119, 30215, 0, 'ok')
(1634.06, 0.0, 30343, 30791, 30087, 30215, 0, 'ok')
(1634.11, 0.0, 30375, 30727, 30087, 30215, 0, 'ok')
(1634.17, 0.0, 30375, 30727, 30087, 30247, 0, 'ok')
(1634.22, 0.0, 30343, 30759, 30087, 30215, 0, 'ok')
(1634.27, 0.0, 30343, 30759, 30087, 30247, 0, 'ok')
(1634.32, 0.0, 30375, 30791, 30087, 30215, 0, 'ok')
(1634.38, 0.0, 30375, 30759, 30087, 30247, 0, 'ok')
(1634.43, 0.0, 30375, 30759, 30087, 30215, 0, 'ok')
(1634.48, 0.0, 30375, 30727, 30087, 30215, 0, 'ok')
(1634.53, 0.0, 30343, 30759, 30087, 30215, 0, 'ok')
(1634.58, 0.0, 30311, 30759, 30087, 30247, 0, 'ok')
(1634.64, 0.0, 30343, 30727, 30087, 30215, 0, 'ok')
(1634.69, 0.0, 30375, 30695, 30087, 30247, 0, 'ok')
(1634.74, 0.0, 30343, 30759, 30087, 30215, 0, 'ok')
(1634.79, 0.0, 30375, 30727, 30087, 30215, 0, 'ok')
(1634.84, 0.0, 30375, 30759, 30087, 30215, 0, 'ok')
(1634.9, 0.0, 30375, 30759, 30087, 30247, 0, 'ok')
(1634.95, 0.0, 30343, 30791, 30087, 30215, 0, 'ok')
(1635.0, 0.0, 30375, 30759, 30087, 30215, 0, 'ok')
(1635.05, 0.0, 30407, 30759, 30087, 30247, 0, 'ok')
(1635.1, 0.0, 30375, 30759, 30087, 30247, 0, 'ok')
(1635.16, 0.0, 30407, 30695, 30087, 30215, 0, 'ok')
(1635.21, 0.0, 30375, 30759, 30087, 30247, 0, 'ok')
(1635.26, 0.0, 30343, 30727, 30087, 30215, 0, 'ok')
(1635.31, 0.0, 30343, 30695, 30087, 30215, 0, 'ok')
(1635.36, 0.0, 30375, 30791, 30087, 30247, 0, 'ok')
(1635.42, 0.0, 30375, 30759, 30087, 30215, 0, 'ok')
(1635.47, 0.0, 30343, 30727, 30087, 30215, 0, 'ok')
(1635.52, 0.0, 30375, 30759, 30055, 30215, 0, 'ok')
(1635.57, 0.0, 30343, 30727, 30087, 30215, 0, 'ok')
(1635.63, 0.0, 30375, 30759, 30087, 30215, 0, 'ok')
(1635.68, 0.0, 30375, 30759, 30119, 30215, 0, 'ok')
(1635.73, 0.0, 30375, 30759, 30087, 30215, 0, 'ok')
(1635.78, 0.0, 30407, 30791, 30087, 30247, 0, 'ok')
(1635.83, 0.0, 30375, 30759, 30087, 30247, 0, 'ok')
(1635.88, 0.0, 30375, 30695, 30119, 30247, 0, 'ok')
(1635.94, 0.0, 30375, 30759, 30055, 30215, 0, 'ok')
(1635.99, 0.0, 30375, 30791, 30119, 30215, 0, 'ok')
(1636.04, 0.0, 30375, 30663, 30087, 30215, 0, 'ok')
(1636.09, 0.0, 30375, 30791, 30087, 30215, 0, 'ok')
(1636.14, 0.0, 30375, 30727, 30087, 30247, 0, 'ok')
(1636.2, 0.0, 30375, 30791, 30087, 30215, 0, 'ok')
(1636.25, 0.0, 30343, 30759, 30087, 30247, 0, 'ok')
(1636.3, 0.0, 30375, 30727, 30087, 30215, 0, 'ok')
(1636.35, 0.0, 30375, 30727, 30087, 30215, 0, 'ok')
(1636.4, 0.0, 30375, 30759, 30087, 30215, 0, 'ok')
(1636.46, 0.0, 30375, 30727, 30087, 30215, 0, 'ok')
(1636.51, 0.0, 30343, 30791, 30087, 30215, 0, 'ok')
(1636.56, 0.0, 30375, 30791, 30087, 30247, 0, 'ok')
(1636.61, 0.0, 30375, 30727, 30087, 30215, 0, 'ok')
(1636.67, 0.0, 30375, 30727, 30087, 30247, 0, 'ok')
(1636.72, 0.0, 30343, 30759, 30087, 30215, 0, 'ok')
(1636.77, 0.0, 30375, 30823, 30087, 30215, 0, 'ok')
(1636.82, 0.0, 30343, 30727, 30087, 30215, 0, 'ok')
(1636.88, 0.0, 30343, 30695, 30087, 30215, 0, 'ok')
(1636.93, 0.0, 30343, 30791, 30087, 30215, 0, 'ok')
(1636.98, 0.0, 30375, 30759, 30087, 30215, 0, 'ok')
(1637.03, 0.0, 30375, 30727, 30087, 30215, 0, 'ok')
(1637.08, 0.0, 30375, 30727, 30087, 30215, 0, 'ok')
(1637.13, 0.0, 30343, 30727, 30087, 30215, 0, 'ok')
(1637.19, 0.0, 30375, 30727, 30087, 30215, 0, 'ok')
(1637.24, 0.0, 30343, 30759, 30087, 30215, 0, 'ok')
(1637.29, 0.0, 30375, 30727, 30087, 30215, 0, 'ok')
(1637.34, 0.0, 30407, 30727, 30087, 30215, 0, 'ok')
(1637.4, 0.0, 30375, 30791, 30087, 30247, 0, 'ok')
(1637.45, 0.0, 30343, 30759, 30087, 30215, 0, 'ok')
(1637.5, 0.0, 30375, 30759, 30087, 30215, 0, 'ok')
(1637.55, 0.0, 30375, 30791, 30087, 30215, 0, 'ok')
(1637.6, 0.0, 30407, 30791, 30087, 30183, 0, 'ok')
(1637.65, 0.0, 30375, 30759, 30087, 30215, 0, 'ok')
(1637.71, 0.0, 30407, 30791, 30087, 30247, 0, 'ok')
(1637.76, 0.0, 30375, 30759, 30087, 30247, 0, 'ok')
(1637.81, 0.0, 30375, 30759, 30087, 30215, 0, 'ok')
(1637.86, 0.0, 30375, 30727, 30087, 30215, 0, 'ok')
(1637.92, 0.0, 30343, 30759, 30055, 30215, 0, 'ok')
(1637.96, 0.0, 30375, 30791, 30087, 30215, 0, 'ok')
(1638.02, 0.0, 30375, 30791, 30087, 30247, 0, 'ok')
(1638.07, 0.0, 30375, 30791, 30087, 30215, 0, 'ok')
(1638.12, 0.0, 30375, 30727, 30087, 30215, 0, 'ok')
(1638.17, 0.0, 30407, 30727, 30087, 30215, 0, 'ok')
(1638.22, 0.0, 30343, 30791, 30087, 30215, 0, 'ok')
(1638.28, 0.0, 30375, 30759, 30087, 30247, 0, 'ok')
(1638.33, 0.0, 30407, 30759, 30087, 30215, 0, 'ok')
(1638.38, 0.0, 30375, 30727, 30087, 30247, 0, 'ok')
(1638.43, 0.0, 30375, 30727, 30087, 30215, 0, 'ok')
(1638.49, 0.0, 30375, 30695, 30087, 30215, 0, 'ok')
(1638.54, 0.0, 30375, 30791, 30087, 30215, 0, 'ok')
(1638.59, 0.0, 30343, 30759, 30087, 30215, 0, 'ok')
(1638.64, 0.0, 30375, 30727, 30087, 30215, 0, 'ok')
(1638.7, 0.0, 30343, 30727, 30087, 30215, 0, 'ok')
(1638.75, 0.0, 30375, 30727, 30087, 30215, 0, 'ok')
(1638.8, 0.0, 30375, 30695, 30087, 30215, 0, 'ok')
(1638.85, 0.0, 30343, 30759, 30087, 30215, 0, 'ok')
(1638.9, 0.0, 30375, 30727, 30087, 30215, 0, 'ok')
(1638.96, 0.0, 30375, 30759, 30087, 30215, 0, 'ok')
(1639.01, 0.0, 30375, 30759, 30087, 30247, 0, 'ok')
(1639.06, 0.0, 30375, 30791, 30087, 30215, 0, 'ok')
(1639.11, 0.0, 30375, 30791, 30087, 30215, 0, 'ok')
(1639.17, 0.0, 30375, 30759, 30087, 30215, 0, 'ok')
(1639.22, 0.0, 30343, 30759, 30087, 30215, 0, 'ok')
(1639.27, 0.0, 30375, 30727, 30087, 30215, 0, 'ok')
(1639.32, 0.0, 30375, 30727, 30087, 30215, 0, 'ok')
(1639.38, 0.0, 30375, 30727, 30055, 30215, 0, 'ok')
(1639.43, 0.0, 30343, 30727, 30087, 30215, 0, 'ok')
(1639.48, 0.0, 30375, 30727, 30087, 30215, 0, 'ok')
(1639.53, 0.0, 30375, 30695, 30087, 30215, 0, 'ok')
(1639.58, 0.0, 30375, 30759, 30087, 30215, 0, 'ok')
(1639.63, 0.0, 30375, 30727, 30087, 30215, 0, 'ok')
(1639.69, 0.0, 30375, 30759, 30087, 30215, 0, 'ok')
(1639.74, 0.0, 30343, 30759, 30087, 30215, 0, 'ok')
(1639.79, 0.0, 30375, 30727, 30087, 30215, 0, 'ok')
(1639.84, 0.0, 30343, 30759, 30087, 30215, 0, 'ok')
(1639.9, 0.0, 30343, 30791, 30087, 30215, 0, 'ok')
(1639.95, 0.0, 30375, 30759, 30087, 30215, 0, 'ok')
(1640.0, 0.0, 30375, 30727, 30055, 30215, 0, 'ok')
(1640.05, 0.0, 30343, 30759, 30055, 30215, 0, 'ok')
(1640.1, 0.0, 30375, 30695, 30087, 30215, 0, 'ok')
(1640.16, 0.0, 30375, 30663, 30119, 30183, 0, 'ok')
(1640.21, 0.0, 30375, 30791, 30087, 30215, 0, 'ok')
(1640.26, 0.0, 30375, 30727, 30087, 30215, 0, 'ok')
(1640.31, 0.0, 30375, 30791, 30087, 30215, 0, 'ok')
(1640.36, 0.0, 30343, 30791, 30087, 30215, 0, 'ok')
(1640.42, 0.0, 30375, 30727, 30087, 30215, 0, 'ok')
(1640.47, 0.0, 30375, 30695, 30087, 30215, 0, 'ok')
(1640.52, 0.0, 30343, 30759, 30087, 30215, 0, 'ok')
(1640.57, 0.0, 30375, 30759, 30055, 30215, 0, 'ok')
(1640.62, 0.0, 30375, 30727, 30087, 30215, 0, 'ok')
(1640.67, 0.0, 30343, 30727, 30087, 30215, 0, 'ok')
(1640.73, 0.0, 30375, 30695, 30087, 30247, 0, 'ok')
(1640.78, 0.0, 30375, 30759, 30087, 30247, 0, 'ok')
(1640.83, 0.0, 30407, 30727, 30055, 30215, 0, 'ok')
(1640.88, 0.0, 30343, 30759, 30087, 30215, 0, 'ok')
(1640.94, 0.0, 30343, 30759, 30087, 30215, 0, 'ok')
(1640.99, 0.0, 30375, 30759, 30087, 30215, 0, 'ok')
(1641.04, 0.0, 30375, 30855, 30087, 30215, 0, 'ok')
(1641.09, 0.0, 30375, 30759, 30087, 30215, 0, 'ok')
(1641.15, 0.0, 30375, 30791, 30087, 30215, 0, 'ok')
(1641.2, 0.0, 30375, 30695, 30087, 30247, 0, 'ok')
(1641.25, 0.0, 30343, 30695, 30087, 30215, 0, 'ok')
(1641.3, 0.0, 30375, 30727, 30087, 30215, 0, 'ok')
(1641.35, 0.0, 30343, 30759, 30055, 30215, 0, 'ok')
(1641.41, 0.0, 30375, 30727, 30055, 30183, 0, 'ok')
(1641.46, 0.0, 30343, 30759, 30087, 30215, 0, 'ok')
(1641.51, 0.0, 30375, 30695, 30087, 30247, 0, 'ok')
(1641.56, 0.0, 30343, 30791, 30087, 30215, 0, 'ok')
(1641.62, 0.0, 30375, 30759, 30087, 30183, 0, 'ok')
(1641.67, 0.0, 30375, 30727, 30055, 30183, 0, 'ok')
(1641.72, 0.0, 30343, 30759, 30055, 30215, 0, 'ok')
(1641.77, 0.0, 30343, 30759, 30087, 30215, 0, 'ok')
(1641.82, 0.0, 30407, 30791, 30087, 30215, 0, 'ok')
(1641.88, 0.0, 30343, 30791, 30087, 30215, 0, 'ok')
(1641.93, 0.0, 30375, 30759, 30055, 30215, 0, 'ok')
(1641.98, 0.0, 30375, 30727, 30087, 30215, 0, 'ok')
(1642.03, 0.0, 30375, 30663, 30087, 30215, 0, 'ok')
(1642.08, 0.0, 30343, 30727, 30055, 30215, 0, 'ok')
(1642.13, 0.0, 30375, 30759, 30087, 30215, 0, 'ok')
(1642.19, 0.0, 30375, 30695, 30087, 30215, 0, 'ok')
(1642.24, 0.0, 30375, 30727, 30087, 30215, 0, 'ok')
(1642.29, 0.0, 30375, 30727, 30055, 30247, 0, 'ok')
(1642.34, 0.0, 30375, 30759, 30087, 30215, 0, 'ok')
(1642.4, 0.0, 30343, 30759, 30087, 30215, 0, 'ok')
(1642.45, 0.0, 30343, 30727, 30087, 30215, 0, 'ok')
(1642.5, 0.0, 30375, 30695, 30087, 30215, 0, 'ok')
(1642.55, 0.0, 30375, 30759, 30087, 30215, 0, 'ok')
(1642.6, 0.0, 30375, 30759, 30087, 30215, 0, 'ok')
(1642.66, 0.0, 30375, 30727, 30087, 30215, 0, 'ok')
(1642.71, 0.0, 30375, 30727, 30087, 30215, 0, 'ok')
(1642.76, 0.0, 30343, 30759, 30087, 30215, 0, 'ok')
(1642.81, 0.0, 30343, 30727, 30055, 30215, 0, 'ok')
(1642.87, 0.0, 30343, 30791, 30087, 30215, 0, 'ok')
(1642.92, 0.0, 30375, 30695, 30087, 30215, 0, 'ok')
(1642.97, 0.0, 30375, 30759, 30087, 30247, 0, 'ok')
(1643.02, 0.0, 30343, 30759, 30055, 30215, 0, 'ok')
(1643.08, 0.0, 30375, 30759, 30055, 30215, 0, 'ok')
(1643.13, 0.0, 30375, 30791, 30055, 30215, 0, 'ok')
(1643.18, 0.0, 30375, 30759, 30087, 30215, 0, 'ok')
(1643.23, 0.0, 30375, 30727, 30087, 30215, 0, 'ok')
(1643.28, 0.0, 30375, 30727, 30087, 30215, 0, 'ok')
(1643.33, 0.0, 30375, 30823, 30055, 30183, 0, 'ok')
(1643.39, 0.0, 30343, 30759, 30087, 30183, 0, 'ok')
(1643.44, 0.0, 30375, 30727, 30087, 30215, 0, 'ok')
(1643.49, 0.0, 30375, 30727, 30055, 30215, 0, 'ok')
(1643.54, 0.0, 30375, 30727, 30087, 30183, 0, 'ok')
(1643.59, 0.0, 30375, 30759, 30087, 30247, 0, 'ok')
(1643.65, 0.0, 30375, 30791, 30087, 30215, 0, 'ok')
(1643.7, 0.0, 30343, 30663, 30087, 30215, 0, 'ok')
(1643.75, 0.0, 30375, 30759, 30087, 30215, 0, 'ok')
(1643.8, 0.0, 30375, 30727, 30055, 30215, 0, 'ok')
(1643.85, 0.0, 30343, 30759, 30055, 30215, 0, 'ok')
(1643.91, 0.0, 30343, 30759, 30055, 30215, 0, 'ok')
(1643.96, 0.0, 30343, 30791, 30055, 30215, 0, 'ok')
(1644.01, 0.0, 30375, 30759, 30087, 30215, 0, 'ok')
(1644.06, 0.0, 30375, 30695, 30087, 30215, 0, 'ok')
(1644.11, 0.0, 30343, 30727, 30087, 30215, 0, 'ok')
(1644.16, 0.0, 30375, 30759, 30055, 30215, 0, 'ok')
(1644.22, 0.0, 30375, 30759, 30055, 30215, 0, 'ok')
(1644.27, 0.0, 30343, 30759, 30055, 30215, 0, 'ok')
(1644.32, 0.0, 30343, 30759, 30087, 30215, 0, 'ok')
(1644.37, 0.0, 30375, 30759, 30087, 30215, 0, 'ok')
(1644.42, 0.0, 30343, 30759, 30055, 30215, 0, 'ok')
(1644.48, 0.0, 30407, 30759, 30087, 30183, 0, 'ok')
(1644.53, 0.0, 30375, 30759, 30055, 30215, 0, 'ok')
(1644.58, 0.0, 30375, 30791, 30087, 30215, 0, 'ok')
(1644.63, 0.0, 30343, 30727, 30055, 30215, 0, 'ok')
(1644.69, 0.0, 30375, 30759, 30055, 30215, 0, 'ok')
(1644.74, 0.0, 30375, 30727, 30087, 30215, 0, 'ok')
(1644.79, 0.0, 30375, 30727, 30087, 30215, 0, 'ok')
(1644.84, 0.0, 30375, 30759, 30087, 30215, 0, 'ok')
(1644.89, 0.0, 30375, 30727, 30087, 30215, 0, 'ok')
(1644.95, 0.0, 30343, 30727, 30087, 30215, 0, 'ok')
(1645.0, 0.0, 30343, 30759, 30055, 30215, 0, 'ok')
(1645.05, 0.0, 30375, 30759, 30087, 30215, 0, 'ok')
(1645.1, 0.0, 30343, 30727, 30055, 30215, 0, 'ok')
(1645.15, 0.0, 30343, 30791, 30055, 30215, 0, 'ok')
(1645.21, 0.0, 30343, 30695, 30087, 30215, 0, 'ok')
(1645.26, 0.0, 30375, 30727, 30087, 30215, 0, 'ok')
(1645.31, 0.0, 30343, 30727, 30055, 30215, 0, 'ok')
(1645.36, 0.0, 30375, 30759, 30055, 30215, 0, 'ok')
(1645.41, 0.0, 30343, 30759, 30055, 30215, 0, 'ok')
(1645.47, 0.0, 30343, 30727, 30055, 30215, 0, 'ok')
(1645.52, 0.0, 30375, 30759, 30087, 30215, 0, 'ok')
(1645.57, 0.0, 30343, 30759, 30087, 30215, 0, 'ok')
(1645.62, 0.0, 30375, 30823, 30087, 30215, 0, 'ok')
(1645.67, 0.0, 30375, 30759, 30087, 30215, 0, 'ok')
(1645.73, 0.0, 30375, 30727, 30055, 30183, 0, 'ok')
(1645.78, 0.0, 30375, 30791, 30087, 30183, 0, 'ok')
(1645.83, 0.0, 30375, 30791, 30055, 30215, 0, 'ok')
(1645.88, 0.0, 30343, 30759, 30055, 30215, 0, 'ok')
(1645.94, 0.0, 30375, 30759, 30087, 30183, 0, 'ok')
(1645.99, 0.0, 30375, 30759, 30055, 30183, 0, 'ok')
(1646.04, 0.0, 30375, 30791, 30055, 30215, 0, 'ok')
(1646.09, 0.0, 30375, 30791, 30055, 30215, 0, 'ok')
(1646.15, 0.0, 30343, 30791, 30055, 30215, 0, 'ok')
(1646.2, 0.0, 30375, 30791, 30087, 30215, 0, 'ok')
(1646.25, 0.0, 30343, 30727, 30055, 30215, 0, 'ok')
(1646.3, 0.0, 30343, 30727, 30055, 30215, 0, 'ok')
(1646.35, 0.0, 30343, 30727, 30055, 30215, 0, 'ok')
(1646.41, 0.0, 30375, 30759, 30087, 30215, 0, 'ok')
(1646.46, 0.0, 30375, 30791, 30055, 30215, 0, 'ok')
(1646.51, 0.0, 30343, 30759, 30087, 30183, 0, 'ok')
(1646.56, 0.0, 30343, 30791, 30055, 30215, 0, 'ok')
(1646.62, 0.0, 30343, 30727, 30055, 30183, 0, 'ok')
(1646.67, 0.0, 30375, 30759, 30055, 30215, 0, 'ok')
(1646.72, 0.0, 30407, 30791, 30055, 30215, 0, 'ok')
(1646.77, 0.0, 30343, 30791, 30087, 30215, 0, 'ok')
(1646.82, 0.0, 30375, 30759, 30055, 30183, 0, 'ok')
(1646.88, 0.0, 30375, 30759, 30055, 30215, 0, 'ok')
(1646.93, 0.0, 30343, 30759, 30055, 30215, 0, 'ok')
(1646.98, 0.0, 30375, 30791, 30087, 30183, 0, 'ok')
(1647.03, 0.0, 30375, 30791, 30055, 30183, 0, 'ok')
(1647.08, 0.0, 30343, 30759, 30055, 30183, 0, 'ok')
(1647.14, 0.0, 30343, 30727, 30087, 30215, 0, 'ok')
(1647.19, 0.0, 30343, 30727, 30055, 30215, 0, 'ok')
(1647.24, 0.0, 30343, 30823, 30087, 30215, 0, 'ok')
(1647.29, 0.0, 30375, 30759, 30055, 30215, 0, 'ok')
(1647.34, 0.0, 30343, 30759, 30087, 30215, 0, 'ok')
(1647.4, 0.0, 30375, 30727, 30055, 30183, 0, 'ok')
(1647.45, 0.0, 30375, 30727, 30055, 30215, 0, 'ok')
(1647.5, 0.0, 30375, 30823, 30087, 30215, 0, 'ok')
(1647.55, 0.0, 30343, 30759, 30087, 30215, 0, 'ok')
(1647.61, 0.0, 30375, 30791, 30055, 30215, 0, 'ok')
(1647.66, 0.0, 30343, 30727, 30055, 30215, 0, 'ok')
(1647.71, 0.0, 30375, 30759, 30055, 30183, 0, 'ok')
(1647.76, 0.0, 30343, 30727, 30087, 30215, 0, 'ok')
(1647.82, 0.0, 30343, 30759, 30087, 30215, 0, 'ok')
(1647.87, 0.0, 30375, 30823, 30055, 30215, 0, 'ok')
(1647.92, 0.0, 30375, 30663, 30087, 30215, 0, 'ok')
(1647.97, 0.0, 30375, 30791, 30055, 30215, 0, 'ok')
(1648.02, 0.0, 30343, 30759, 30055, 30215, 0, 'ok')
(1648.08, 0.0, 30311, 30791, 30055, 30215, 0, 'ok')
(1648.13, 0.0, 30343, 30791, 30087, 30215, 0, 'ok')
(1648.18, 0.0, 30343, 30759, 30055, 30215, 0, 'ok')
(1648.23, 0.0, 30375, 30759, 30087, 30215, 0, 'ok')
(1648.29, 0.0, 30343, 30791, 30087, 30215, 0, 'ok')
(1648.34, 0.0, 30375, 30823, 30087, 30183, 0, 'ok')
(1648.39, 0.0, 30343, 30791, 30087, 30215, 0, 'ok')
(1648.44, 0.0, 30343, 30823, 30055, 30215, 0, 'ok')
(1648.5, 0.0, 30343, 30823, 30087, 30183, 0, 'ok')
(1648.55, 0.0, 30343, 30791, 30055, 30215, 0, 'ok')
(1648.6, 0.0, 30375, 30759, 30055, 30215, 0, 'ok')
(1648.65, 0.0, 30375, 30823, 30055, 30183, 0, 'ok')
(1648.7, 0.0, 30343, 30823, 30087, 30183, 0, 'ok')
(1648.75, 0.0, 30343, 30791, 30087, 30215, 0, 'ok')
(1648.81, 0.0, 30375, 30727, 30087, 30215, 0, 'ok')
(1648.86, 0.0, 30375, 30823, 30055, 30215, 0, 'ok')
(1648.91, 0.0, 30343, 30791, 30055, 30183, 0, 'ok')
(1648.96, 0.0, 30375, 30791, 30087, 30215, 0, 'ok')
(1649.01, 0.0, 30375, 30855, 30087, 30215, 0, 'ok')
(1649.07, 0.0, 30375, 30855, 30055, 30215, 0, 'ok')
(1649.12, 0.0, 30375, 30855, 30055, 30215, 0, 'ok')
(1649.17, 0.0, 30375, 30759, 30055, 30215, 0, 'ok')
(1649.22, 0.0, 30343, 30791, 30055, 30215, 0, 'ok')
(1649.28, 0.0, 30375, 30791, 30087, 30183, 0, 'ok')
(1649.33, 0.0, 30311, 30823, 30055, 30215, 0, 'ok')
(1649.38, 0.0, 30311, 30791, 30055, 30215, 0, 'ok')
(1649.43, 0.0, 30375, 30791, 30087, 30215, 0, 'ok')
(1649.49, 0.0, 30407, 30791, 30087, 30215, 0, 'ok')
(1649.54, 0.0, 30343, 30823, 30087, 30215, 0, 'ok')
(1649.59, 0.0, 30407, 30759, 30087, 30183, 0, 'ok')
(1649.64, 0.0, 30407, 30791, 30055, 30215, 0, 'ok')
(1649.69, 0.0, 30375, 30791, 30055, 30215, 0, 'ok')
(1649.75, 0.0, 30375, 30791, 30087, 30183, 0, 'ok')
(1649.8, 0.0, 30375, 30791, 30055, 30183, 0, 'ok')
(1649.85, 0.0, 30343, 30823, 30055, 30215, 0, 'ok')
(1649.9, 0.0, 30343, 30823, 30055, 30215, 0, 'ok')
(1649.96, 0.0, 30375, 30823, 30087, 30183, 0, 'ok')
(1650.01, 0.0, 30375, 30791, 30055, 30183, 0, 'ok')
(1650.06, 0.0, 30375, 30759, 30087, 30215, 0, 'ok')
(1650.11, 0.0, 30375, 30759, 30055, 30183, 0, 'ok')
(1650.17, 0.0, 30343, 30759, 30087, 30215, 0, 'ok')
(1650.22, 0.0, 30375, 30727, 30055, 30215, 0, 'ok')
(1650.27, 0.0, 30343, 30823, 30055, 30183, 0, 'ok')
(1650.32, 0.0, 30343, 30823, 30055, 30215, 0, 'ok')
(1650.37, 0.0, 30343, 30759, 30055, 30215, 0, 'ok')
(1650.42, 0.0, 30375, 30759, 30087, 30215, 0, 'ok')
(1650.48, 0.0, 30343, 30823, 30087, 30183, 0, 'ok')
(1650.53, 0.0, 30343, 30823, 30087, 30215, 0, 'ok')
(1650.58, 0.0, 30375, 30791, 30055, 30215, 0, 'ok')
(1650.63, 0.0, 30343, 30791, 30023, 30215, 0, 'ok')
(1650.69, 0.0, 30343, 30791, 30055, 30183, 0, 'ok')
(1650.74, 0.0, 30375, 30791, 30055, 30215, 0, 'ok')
(1650.79, 0.0, 30375, 30823, 30087, 30183, 0, 'ok')
(1650.84, 0.0, 30375, 30823, 30055, 30183, 0, 'ok')
(1650.89, 0.0, 30375, 30791, 30055, 30183, 0, 'ok')
(1650.94, 0.0, 30343, 30759, 30055, 30183, 0, 'ok')
(1651.0, 0.0, 30375, 30759, 30087, 30183, 0, 'ok')
(1651.05, 0.0, 30343, 30855, 30055, 30215, 0, 'ok')
(1651.1, 0.0, 30343, 30823, 30055, 30215, 0, 'ok')
(1651.15, 0.0, 30343, 30759, 30055, 30215, 0, 'ok')
(1651.21, 0.0, 30375, 30855, 30055, 30183, 0, 'ok')
(1651.26, 0.0, 30375, 30791, 30087, 30183, 0, 'ok')
(1651.31, 0.0, 30343, 30823, 30087, 30183, 0, 'ok')
(1651.36, 0.0, 30343, 30759, 30055, 30215, 0, 'ok')
(1651.42, 0.0, 30375, 30823, 30055, 30215, 0, 'ok')
(1651.47, 0.0, 30375, 30791, 30087, 30183, 0, 'ok')
(1651.52, 0.0, 30375, 30791, 30087, 30183, 0, 'ok')
(1651.57, 0.0, 30375, 30855, 30087, 30183, 0, 'ok')
(1651.63, 0.0, 30343, 30823, 30055, 30183, 0, 'ok')
(1651.68, 0.0, 30343, 30791, 30055, 30215, 0, 'ok')
(1651.73, 0.0, 30343, 30759, 30087, 30215, 0, 'ok')
(1651.78, 0.0, 30343, 30791, 30055, 30215, 0, 'ok')
(1651.83, 0.0, 30375, 30791, 30087, 30215, 0, 'ok')
(1651.88, 0.0, 30375, 30727, 30087, 30183, 0, 'ok')
(1651.94, 0.0, 30343, 30791, 30087, 30183, 0, 'ok')
(1651.99, 0.0, 30343, 30791, 30055, 30215, 0, 'ok')
(1652.04, 0.0, 30375, 30759, 30055, 30215, 0, 'ok')
(1652.09, 0.0, 30375, 30791, 30055, 30183, 0, 'ok')
(1652.15, 0.0, 30343, 30823, 30055, 30183, 0, 'ok')
(1652.2, 0.0, 30343, 30791, 30055, 30183, 0, 'ok')
(1652.25, 0.0, 30343, 30791, 30087, 30183, 0, 'ok')
(1652.3, 0.0, 30375, 30791, 30055, 30183, 0, 'ok')
(1652.35, 0.0, 30375, 30823, 30087, 30183, 0, 'ok')
(1652.4, 0.0, 30343, 30823, 30087, 30215, 0, 'ok')
(1652.46, 0.0, 30343, 30759, 30087, 30183, 0, 'ok')
(1652.51, 0.0, 30375, 30823, 30055, 30215, 0, 'ok')
(1652.56, 0.0, 30375, 30823, 30055, 30215, 0, 'ok')
(1652.61, 0.0, 30343, 30759, 30055, 30215, 0, 'ok')
(1652.67, 0.0, 30375, 30759, 30055, 30183, 0, 'ok')
(1652.72, 0.0, 30343, 30855, 30087, 30183, 0, 'ok')
(1652.77, 0.0, 30343, 30823, 30055, 30183, 0, 'ok')
(1652.82, 0.0, 30343, 30791, 30055, 30215, 0, 'ok')
(1652.87, 0.0, 30375, 30791, 30087, 30183, 0, 'ok')
(1652.92, 0.0, 30375, 30823, 30055, 30215, 0, 'ok')
(1652.98, 0.0, 30375, 30759, 30087, 30215, 0, 'ok')
(1653.03, 0.0, 30343, 30823, 30087, 30183, 0, 'ok')
(1653.08, 0.0, 30343, 30759, 30087, 30183, 0, 'ok')
(1653.13, 0.0, 30375, 30759, 30087, 30215, 0, 'ok')
(1653.19, 0.0, 30375, 30791, 30055, 30183, 0, 'ok')
(1653.24, 0.0, 30407, 30759, 30087, 30215, 0, 'ok')
(1653.29, 0.0, 30343, 30823, 30087, 30215, 0, 'ok')
(1653.34, 0.0, 30343, 30759, 30055, 30215, 0, 'ok')
(1653.39, 0.0, 30343, 30855, 30055, 30215, 0, 'ok')
(1653.45, 0.0, 30343, 30759, 30055, 30183, 0, 'ok')
(1653.5, 0.0, 30375, 30823, 30055, 30183, 0, 'ok')
(1653.55, 0.0, 30375, 30791, 30087, 30183, 0, 'ok')
(1653.6, 0.0, 30375, 30823, 30055, 30183, 0, 'ok')
(1653.65, 0.0, 30343, 30727, 30055, 30183, 0, 'ok')
(1653.71, 0.0, 30375, 30759, 30055, 30183, 0, 'ok')
(1653.76, 0.0, 30343, 30791, 30087, 30183, 0, 'ok')
(1653.81, 0.0, 30343, 30823, 30055, 30183, 0, 'ok')
(1653.86, 0.0, 30343, 30791, 30087, 30183, 0, 'ok')
(1653.92, 0.0, 30343, 30759, 30055, 30215, 0, 'ok')
(1653.97, 0.0, 30343, 30759, 30087, 30183, 0, 'ok')
(1654.02, 0.0, 30343, 30823, 30087, 30183, 0, 'ok')
(1654.07, 0.0, 30343, 30791, 30055, 30215, 0, 'ok')
(1654.12, 0.0, 30343, 30759, 30055, 30215, 0, 'ok')
(1654.18, 0.0, 30343, 30823, 30055, 30183, 0, 'ok')
(1654.23, 0.0, 30375, 30791, 30055, 30183, 0, 'ok')
(1654.28, 0.0, 30375, 30823, 30087, 30215, 0, 'ok')
(1654.33, 0.0, 30343, 30823, 30055, 30215, 0, 'ok')
(1654.38, 0.0, 30375, 30823, 30055, 30183, 0, 'ok')
(1654.44, 0.0, 30343, 30823, 30055, 30215, 0, 'ok')
(1654.49, 0.0, 30343, 30855, 30087, 30183, 0, 'ok')
(1654.54, 0.0, 30343, 30791, 30055, 30183, 0, 'ok')
(1654.59, 0.0, 30343, 30759, 30087, 30215, 0, 'ok')
(1654.64, 0.0, 30343, 30791, 30087, 30183, 0, 'ok')
(1654.69, 0.0, 30343, 30791, 30055, 30183, 0, 'ok')
(1654.75, 0.0, 30375, 30759, 30055, 30215, 0, 'ok')
(1654.8, 0.0, 30375, 30727, 30055, 30183, 0, 'ok')
(1654.85, 0.0, 30343, 30823, 30055, 30215, 0, 'ok')
