(539.917, 0.0, 30407, 30279, 30055, 30087, 0, 'ok')
(539.97, 0.0, 30375, 30247, 30087, 30087, 0, 'ok')
(540.022, 0.0, 30407, 30311, 30055, 30087, 0, 'ok')
(540.075, 0.0, 30407, 30279, 30055, 30087, 0, 'ok')
(540.126, 0.0, 30407, 30279, 30055, 30087, 0, 'ok')
(540.179, 0.0, 30439, 30311, 30023, 30087, 0, 'ok')
(540.231, 0.0, 30407, 30311, 30055, 30087, 0, 'ok')
(540.284, 0.0, 30375, 30343, 30055, 30087, 0, 'ok')
(540.335, 0.0, 30407, 30279, 30055, 30087, 0, 'ok')
(540.388, 0.0, 30407, 30311, 30055, 30087, 0, 'ok')
(540.44, 0.0, 30439, 30279, 30055, 30087, 0, 'ok')
(540.493, 0.0, 30407, 30279, 30055, 30087, 0, 'ok')
(540.544, 0.0, 30375, 30311, 30055, 30087, 0, 'ok')
(540.597, 0.0, 30439, 30375, 30055, 30087, 0, 'ok')
(540.649, 0.0, 30375, 30311, 30055, 30087, 0, 'ok')
(540.702, 0.0, 30407, 30375, 30055, 30087, 0, 'ok')
(540.753, 0.0, 30439, 30311, 30055, 30087, 0, 'ok')
(540.806, 0.0, 30407, 30375, 30055, 30087, 0, 'ok')
(540.858, 0.0, 30375, 30279, 30055, 30087, 0, 'ok')
(540.911, 0.0, 30375, 30311, 30055, 30087, 0, 'ok')
(540.961, 0.0, 30407, 30247, 30055, 30087, 0, 'ok')
(541.014, 0.0, 30407, 30279, 30055, 30087, 0, 'ok')
(541.065, 0.0, 30375, 30311, 30087, 30087, 0, 'ok')
(541.118, 0.0, 30407, 30343, 30055, 30087, 0, 'ok')
(541.17, 0.0, 30407, 30311, 30055, 30087, 0, 'ok')
(541.222, 0.0, 30407, 30311, 30055, 30087, 0, 'ok')
(541.275, 0.0, 30375, 30247, 30055, 30087, 0, 'ok')
(541.327, 0.0, 30375, 30279, 30055, 30087, 0, 'ok')
(541.379, 0.0, 30407, 30311, 30055, 30087, 0, 'ok')
(541.431, 0.0, 30407, 30343, 30055, 30087, 0, 'ok')
(541.484, 0.0, 30375, 30279, 30055, 30087, 0, 'ok')
(541.536, 0.0, 30439, 30311, 30055, 30087, 0, 'ok')
(541.588, 0.0, 30407, 30215, 30023, 30055, 0, 'ok')
(541.64, 0.0, 30407, 30279, 30055, 30087, 0, 'ok')
(541.693, 0.0, 30407, 30311, 30055, 30055, 0, 'ok')
(541.745, 0.0, 30407, 30311, 30055, 30087, 0, 'ok')
(541.797, 0.0, 30407, 30247, 30023, 30087, 0, 'ok')
(541.849, 0.0, 30407, 30247, 30055, 30087, 0, 'ok')
(541.902, 0.0, 30407, 30279, 30055, 30087, 0, 'ok')
(541.954, 0.0, 30407, 30343, 30055, 30087, 0, 'ok')
(542.006, 0.0, 30439, 30247, 30055, 30087, 0, 'ok')
(542.057, 0.0, 30407, 30311, 30055, 30087, 0, 'ok')
(542.11, 0.0, 30407, 30343, 30055, 30055, 0, 'ok')
(542.161, 0.0, 30375, 30343, 30055, 30087, 0, 'ok')
(542.213, 0.0, 30375, 30311, 30055, 30087, 0, 'ok')
(542.264, 0.0, 30407, 30311, 30055, 30087, 0, 'ok')
(542.317, 0.0, 30375, 30279, 30055, 30087, 0, 'ok')
(542.37, 0.0, 30407, 30279, 30055, 30087, 0, 'ok')
(542.421, 0.0, 30407, 30247, 30023, 30055, 0, 'ok')
(542.474, 0.0, 30407, 30311, 30023, 30087, 0, 'ok')
(542.526, 0.0, 30407, 30311, 30055, 30087, 0, 'ok')
(542.579, 0.0, 30407, 30279, 30055, 30087, 0, 'ok')
(542.63, 0.0, 30375, 30311, 30055, 30087, 0, 'ok')
(542.683, 0.0, 30407, 30311, 30055, 30055, 0, 'ok')
(542.735, 0.0, 30375, 30247, 30055, 30055, 0, 'ok')
(542.788, 0.0, 30407, 30311, 30055, 30055, 0, 'ok')
(542.839, 0.0, 30407, 30311, 30055, 30087, 0, 'ok')
(542.892, 0.0, 30407, 30279, 30055, 30087, 0, 'ok')
(542.944, 0.0, 30407, 30279, 30055, 30055, 0, 'ok')
(542.997, 0.0, 30375, 30279, 30055, 30087, 0, 'ok')
(543.048, 0.0, 30375, 30279, 30055, 30087, 0, 'ok')
(543.101, 0.0, 30375, 30247, 30055, 30055, 0, 'ok')
(543.153, 0.0, 30407, 30311, 30055, 30087, 0, 'ok')
(543.206, 0.0, 30439, 30311, 30055, 30055, 0, 'ok')
(543.257, 0.0, 30407, 30215, 30055, 30087, 0, 'ok')
(543.31, 0.0, 30439, 30311, 30055, 30087, 0, 'ok')
(543.362, 0.0, 30407, 30343, 30055, 30055, 0, 'ok')
(543.415, 0.0, 30407, 30311, 30055, 30087, 0, 'ok')
(543.466, 0.0, 30407, 30247, 30055, 30087, 0, 'ok')
(543.519, 0.0, 30375, 30279, 30055, 30087, 0, 'ok')
(543.571, 0.0, 30375, 30311, 30055, 30055, 0, 'ok')
(543.624, 0.0, 30407, 30215, 30087, 30087, 0, 'ok')
(543.675, 0.0, 30375, 30279, 30055, 30087, 0, 'ok')
(543.728, 0.0, 30407, 30343, 30055, 30055, 0, 'ok')
(543.78, 0.0, 30375, 30279, 30055, 30087, 0, 'ok')
(543.833, 0.0, 30375, 30343, 30055, 30055, 0, 'ok')
(543.884, 0.0, 30407, 30215, 30023, 30087, 0, 'ok')
(543.937, 0.0, 30407, 30311, 30055, 30087, 0, 'ok')
(543.989, 0.0, 30375, 30343, 30055, 30055, 0, 'ok')
(544.041, 0.0, 30375, 30311, 30055, 30087, 0, 'ok')
(544.093, 0.0, 30407, 30343, 30055, 30055, 0, 'ok')
(544.146, 0.0, 30375, 30311, 30055, 30087, 0, 'ok')
(544.198, 0.0, 30407, 30343, 30055, 30087, 0, 'ok')
(544.25, 0.0, 30439, 30311, 30055, 30055, 0, 'ok')
(544.302, 0.0, 30375, 30311, 30055, 30055, 0, 'ok')
(544.355, 0.0, 30407, 30311, 30055, 30087, 0, 'ok')
(544.407, 0.0, 30407, 30279, 30055, 30087, 0, 'ok')
(544.459, 0.0, 30407, 30343, 30055, 30055, 0, 'ok')
(544.511, 0.0, 30407, 30343, 30055, 30087, 0, 'ok')
(544.564, 0.0, 30375, 30279, 30055, 30055, 0, 'ok')
(544.615, 0.0, 30375, 30311, 30055, 30055, 0, 'ok')
(544.667, 0.0, 30375, 30311, 30055, 30087, 0, 'ok')
(544.72, 0.0, 30407, 30311, 30055, 30087, 0, 'ok')
(544.772, 0.0, 30407, 30311, 30055, 30087, 0, 'ok')
(544.825, 0.0, 30375, 30343, 30055, 30055, 0, 'ok')
(544.876, 0.0, 30407, 30311, 30055, 30087, 0, 'ok')
(544.929, 0.0, 30407, 30343, 30023, 30055, 0, 'ok')
(544.981, 0.0, 30407, 30311, 30055, 30087, 0, 'ok')
(545.034, 0.0, 30407, 30311, 30087, 30119, 0, 'ok')
(545.085, 0.0, 30407, 30279, 30055, 30087, 0, 'ok')
(545.138, 0.0, 30407, 30311, 30055, 30087, 0, 'ok')
(545.19, 0.0, 30407, 30279, 30055, 30055, 0, 'ok')
(545.243, 0.0, 30407, 30247, 30055, 30055, 0, 'ok')
(545.294, 0.0, 30375, 30375, 30055, 30087, 0, 'ok')
(545.347, 0.0, 30407, 30279, 30055, 30055, 0, 'ok')
(545.399, 0.0, 30407, 30311, 30055, 30087, 0, 'ok')
(545.452, 0.0, 30375, 30311, 30055, 30087, 0, 'ok')
(545.503, 0.0, 30407, 30311, 30055, 30055, 0, 'ok')
(545.556, 0.0, 30407, 30343, 30055, 30055, 0, 'ok')
(545.608, 0.0, 30375, 30279, 30055, 30055, 0, 'ok')
(545.661, 0.0, 30407, 30311, 30055, 30055, 0, 'ok')
(545.712, 0.0, 30407, 30279, 30023, 30055, 0, 'ok')
(545.765, 0.0, 30407, 30279, 30055, 30087, 0, 'ok')
(545.817, 0.0, 30375, 30375, 30023, 30055, 0, 'ok')
(545.87, 0.0, 30375, 30343, 30055, 30087, 0, 'ok')
(545.921, 0.0, 30407, 30279, 30055, 30055, 0, 'ok')
(545.974, 0.0, 30375, 30311, 30023, 30055, 0, 'ok')
(546.026, 0.0, 30407, 30247, 30055, 30087, 0, 'ok')
(546.079, 0.0, 30407, 30247, 30023, 30055, 0, 'ok')
(546.13, 0.0, 30407, 30375, 30055, 30055, 0, 'ok')
(546.183, 0.0, 30407, 30279, 30055, 30055, 0, 'ok')
(546.235, 0.0, 30375, 30279, 30055, 30055, 0, 'ok')
(546.288, 0.0, 30407, 30311, 30023, 30087, 0, 'ok')
(546.339, 0.0, 30439, 30311, 30055, 30055, 0, 'ok')
(546.392, 0.0, 30407, 30215, 30055, 30087, 0, 'ok')
(546.444, 0.0, 30407, 30247, 30055, 30087, 0, 'ok')
(546.497, 0.0, 30407, 30343, 30055, 30087, 0, 'ok')
(546.547, 0.0, 30407, 30311, 30055, 30087, 0, 'ok')
(546.6, 0.0, 30407, 30343, 30055, 30087, 0, 'ok')
(546.651, 0.0, 30375, 30343, 30055, 30055, 0, 'ok')
(546.704, 0.0, 30375, 30247, 30055, 30055, 0, 'ok')
(546.754, 0.0, 30407, 30311, 30023, 30055, 0, 'ok')
(546.807, 0.0, 30375, 30279, 30055, 30087, 0, 'ok')
(546.858, 0.0, 30407, 30343, 30055, 30055, 0, 'ok')
(546.911, 0.0, 30375, 30311, 30055, 30055, 0, 'ok')
(546.961, 0.0, 30439, 30311, 30055, 30055, 0, 'ok')
(547.014, 0.0, 30407, 30343, 30055, 30087, 0, 'ok')
(547.066, 0.0, 30407, 30279, 30055, 30055, 0, 'ok')
(547.119, 0.0, 30407, 30247, 30055, 30087, 0, 'ok')
(547.169, 0.0, 30407, 30311, 30055, 30087, 0, 'ok')
(547.222, 0.0, 30407, 30247, 30087, 30055, 0, 'ok')
(547.274, 0.0, 30375, 30311, 30055, 30087, 0, 'ok')
(547.326, 0.0, 30407, 30343, 30055, 30087, 0, 'ok')
(547.378, 0.0, 30407, 30311, 30055, 30087, 0, 'ok')
(547.43, 0.0, 30407, 30311, 30055, 30055, 0, 'ok')
(547.483, 0.0, 30375, 30311, 30055, 30055, 0, 'ok')
(547.535, 0.0, 30407, 30279, 30055, 30055, 0, 'ok')
(547.587, 0.0, 30407, 30279, 30055, 30055, 0, 'ok')
(547.639, 0.0, 30343, 30311, 30055, 30055, 0, 'ok')
(547.692, 0.0, 30407, 30279, 30055, 30087, 0, 'ok')
(547.744, 0.0, 30407, 30311, 30055, 30055, 0, 'ok')
(547.796, 0.0, 30407, 30311, 30055, 30055, 0, 'ok')
(547.847, 0.0, 30407, 30279, 30023, 30087, 0, 'ok')
(547.9, 0.0, 30407, 30343, 30055, 30087, 0, 'ok')
(547.952, 0.0, 30375, 30279, 30055, 30087, 0, 'ok')
(548.003, 0.0, 30407, 30215, 30023, 30055, 0, 'ok')
(548.056, 0.0, 30375, 30279, 30055, 30055, 0, 'ok')
(548.108, 0.0, 30375, 30279, 30055, 30087, 0, 'ok')
(548.161, 0.0, 30375, 30311, 30055, 30055, 0, 'ok')
(548.212, 0.0, 30375, 30311, 30055, 30055, 0, 'ok')
(548.265, 0.0, 30407, 30343, 30055, 30055, 0, 'ok')
(548.316, 0.0, 30375, 30279, 30055, 30087, 0, 'ok')
(548.369, 0.0, 30375, 30279, 30055, 30055, 0, 'ok')
(548.419, 0.0, 30407, 30279, 30055, 30055, 0, 'ok')
(548.472, 0.0, 30407, 30247, 30055, 30055, 0, 'ok')
(548.524, 0.0, 30407, 30279, 30055, 30055, 0, 'ok')
(548.577, 0.0, 30407, 30279, 30055, 30055, 0, 'ok')
(548.628, 0.0, 30407, 30311, 30023, 30055, 0, 'ok')
(548.68, 0.0, 30407, 30311, 30023, 30055, 0, 'ok')
(548.733, 0.0, 30407, 30279, 30055, 30055, 0, 'ok')
(548.785, 0.0, 30375, 30343, 30023, 30087, 0, 'ok')
(548.837, 0.0, 30375, 30343, 30055, 30055, 0, 'ok')
(548.888, 0.0, 30375, 30279, 30055, 30087, 0, 'ok')
(548.941, 0.0, 30375, 30311, 30055, 30023, 0, 'ok')
(548.992, 0.0, 30375, 30343, 30055, 30055, 0, 'ok')
(549.044, 0.0, 30407, 30279, 30055, 30087, 0, 'ok')
(549.095, 0.0, 30407, 30343, 30055, 30087, 0, 'ok')
(549.148, 0.0, 30375, 30311, 30055, 30055, 0, 'ok')
(549.199, 0.0, 30407, 30311, 30023, 30087, 0, 'ok')
(549.251, 0.0, 30407, 30279, 30055, 30055, 0, 'ok')
(549.304, 0.0, 30407, 30311, 30055, 30087, 0, 'ok')
(549.356, 0.0, 30375, 30279, 30055, 30055, 0, 'ok')
(549.409, 0.0, 30407, 30311, 30055, 30055, 0, 'ok')
(549.46, 0.0, 30407, 30279, 30055, 30055, 0, 'ok')
(549.513, 0.0, 30407, 30247, 30055, 30087, 0, 'ok')
(549.565, 0.0, 30407, 30343, 30055, 30055, 0, 'ok')
(549.618, 0.0, 30407, 30215, 30055, 30055, 0, 'ok')
(549.669, 0.0, 30407, 30279, 30055, 30055, 0, 'ok')
(549.722, 0.0, 30375, 30215, 30055, 30055, 0, 'ok')
(549.774, 0.0, 30375, 30311, 30055, 30055, 0, 'ok')
(549.827, 0.0, 30407, 30311, 30055, 30087, 0, 'ok')
(549.878, 0.0, 30407, 30279, 30055, 30055, 0, 'ok')
(549.931, 0.0, 30407, 30311, 30023, 30087, 0, 'ok')
(549.983, 0.0, 30407, 30311, 30055, 30087, 0, 'ok')
(550.036, 0.0, 30439, 30311, 30055, 30023, 0, 'ok')
(550.087, 0.0, 30407, 30247, 30023, 30055, 0, 'ok')
(550.14, 0.0, 30407, 30311, 30055, 30087, 0, 'ok')
(550.192, 0.0, 30375, 30311, 30055, 30055, 0, 'ok')
(550.245, 0.0, 30407, 30279, 30055, 30055, 0, 'ok')
(550.296, 0.0, 30407, 30279, 30055, 30055, 0, 'ok')
(550.349, 0.0, 30407, 30343, 30055, 30055, 0, 'ok')
(550.401, 0.0, 30407, 30343, 30055, 30055, 0, 'ok')
(550.454, 0.0, 30375, 30247, 30055, 30087, 0, 'ok')
(550.505, 0.0, 30407, 30279, 30055, 30055, 0, 'ok')
(550.558, 0.0, 30407, 30311, 30055, 30055, 0, 'ok')
(550.61, 0.0, 30407, 30311, 30023, 30087, 0, 'ok')
(550.663, 0.0, 30375, 30311, 30087, 30055, 0, 'ok')
(550.714, 0.0, 30375, 30311, 30055, 30087, 0, 'ok')
(550.767, 0.0, 30439, 30375, 30055, 30055, 0, 'ok')
(550.818, 0.0, 30375, 30311, 30055, 30055, 0, 'ok')
(550.871, 0.0, 30343, 30311, 30055, 30055, 0, 'ok')
(550.921, 0.0, 30407, 30247, 30055, 30055, 0, 'ok')
(550.974, 0.0, 30343, 30311, 30055, 30055, 0, 'ok')
(551.025, 0.0, 30375, 30311, 30055, 30055, 0, 'ok')
(551.078, 0.0, 30407, 30311, 30055, 30055, 0, 'ok')
(551.128, 0.0, 30375, 30311, 30023, 30055, 0, 'ok')
(551.181, 0.0, 30407, 30311, 30055, 30055, 0, 'ok')
(551.232, 0.0, 30439, 30279, 30055, 30055, 0, 'ok')
(551.285, 0.0, 30407, 30279, 30055, 30087, 0, 'ok')
(551.336, 0.0, 30375, 30279, 30055, 30055, 0, 'ok')
(551.389, 0.0, 30343, 30247, 30055, 30087, 0, 'ok')
(551.441, 0.0, 30407, 30215, 30055, 30055, 0, 'ok')
(551.494, 0.0, 30407, 30311, 30055, 30055, 0, 'ok')
(551.544, 0.0, 30407, 30279, 30023, 30055, 0, 'ok')
(551.597, 0.0, 30407, 30279, 30055, 30055, 0, 'ok')
(551.648, 0.0, 30343, 30279, 30055, 30055, 0, 'ok')
(551.701, 0.0, 30407, 30375, 30023, 30087, 0, 'ok')
(551.751, 0.0, 30407, 30279, 30055, 30087, 0, 'ok')
(551.804, 0.0, 30407, 30247, 30055, 30055, 0, 'ok')
(551.856, 0.0, 30407, 30279, 30055, 30087, 0, 'ok')
(551.909, 0.0, 30375, 30247, 30023, 30055, 0, 'ok')
(551.96, 0.0, 30407, 30279, 30055, 30055, 0, 'ok')
(552.013, 0.0, 30375, 30311, 30055, 30087, 0, 'ok')
(552.064, 0.0, 30407, 30247, 30055, 30055, 0, 'ok')
(552.117, 0.0, 30407, 30311, 30055, 30055, 0, 'ok')
(552.169, 0.0, 30375, 30311, 30023, 30087, 0, 'ok')
(552.221, 0.0, 30375, 30311, 30055, 30055, 0, 'ok')
(552.274, 0.0, 30407, 30311, 30023, 30055, 0, 'ok')
(552.326, 0.0, 30375, 30311, 30055, 30055, 0, 'ok')
(552.378, 0.0, 30407, 30279, 30055, 30055, 0, 'ok')
(552.43, 0.0, 30407, 30247, 30055, 30055, 0, 'ok')
(552.483, 0.0, 30375, 30247, 30055, 30087, 0, 'ok')
(552.535, 0.0, 30407, 30247, 30023, 30055, 0, 'ok')
(552.587, 0.0, 30407, 30279, 30055, 30055, 0, 'ok')
(552.639, 0.0, 30407, 30279, 30055, 30055, 0, 'ok')
(552.692, 0.0, 30407, 30311, 30023, 30055, 0, 'ok')
(552.744, 0.0, 30375, 30311, 30055, 30055, 0, 'ok')
(552.796, 0.0, 30375, 30279, 30023, 30087, 0, 'ok')
(552.847, 0.0, 30439, 30279, 30055, 30055, 0, 'ok')
(552.9, 0.0, 30375, 30279, 30055, 30055, 0, 'ok')
(552.953, 0.0, 30407, 30279, 30055, 30055, 0, 'ok')
(553.004, 0.0, 30375, 30247, 30055, 30087, 0, 'ok')
(553.057, 0.0, 30375, 30279, 30055, 30055, 0, 'ok')
(553.109, 0.0, 30375, 30247, 30055, 30055, 0, 'ok')
(553.162, 0.0, 30407, 30343, 30055, 30055, 0, 'ok')
(553.213, 0.0, 30407, 30247, 30055, 30055, 0, 'ok')
(553.266, 0.0, 30375, 30279, 30055, 30055, 0, 'ok')
(553.318, 0.0, 30439, 30279, 30055, 30055, 0, 'ok')
(553.371, 0.0, 30407, 30247, 30055, 30055, 0, 'ok')
(553.421, 0.0, 30375, 30279, 30055, 30055, 0, 'ok')
(553.474, 0.0, 30407, 30311, 30023, 30055, 0, 'ok')
(553.525, 0.0, 30375, 30279, 30055, 30055, 0, 'ok')
(553.578, 0.0, 30407, 30279, 30055, 30055, 0, 'ok')
(553.629, 0.0, 30407, 30343, 30023, 30055, 0, 'ok')
(553.682, 0.0, 30375, 30311, 30055, 30055, 0, 'ok')
(553.734, 0.0, 30407, 30343, 30055, 30055, 0, 'ok')
(553.787, 0.0, 30407, 30311, 30055, 30055, 0, 'ok')
(553.837, 0.0, 30375, 30375, 30023, 30055, 0, 'ok')
(553.89, 0.0, 30375, 30279, 30055, 30055, 0, 'ok')
(553.941, 0.0, 30375, 30279, 30055, 30055, 0, 'ok')
(553.994, 0.0, 30375, 30311, 30055, 30055, 0, 'ok')
(554.044, 0.0, 30407, 30279, 30023, 30055, 0, 'ok')
(554.097, 0.0, 30407, 30311, 30055, 30087, 0, 'ok')
(554.15, 0.0, 30407, 30343, 30023, 30055, 0, 'ok')
(554.202, 0.0, 30407, 30247, 30023, 30055, 0, 'ok')
(554.254, 0.0, 30407, 30311, 30023, 30055, 0, 'ok')
(554.306, 0.0, 30375, 30311, 30055, 30055, 0, 'ok')
(554.359, 0.0, 30407, 30279, 30023, 30055, 0, 'ok')
(554.41, 0.0, 30407, 30279, 30055, 30087, 0, 'ok')
(554.462, 0.0, 30407, 30311, 30055, 30055, 0, 'ok')
(554.515, 0.0, 30375, 30311, 30055, 30055, 0, 'ok')
(554.567, 0.0, 30375, 30279, 30055, 30087, 0, 'ok')
(554.62, 0.0, 30407, 30311, 30055, 30087, 0, 'ok')
(554.671, 0.0, 30375, 30279, 30055, 30055, 0, 'ok')
(554.724, 0.0, 30343, 30311, 30055, 30055, 0, 'ok')
(554.776, 0.0, 30375, 30279, 30023, 30055, 0, 'ok')
(554.829, 0.0, 30375, 30247, 30055, 30055, 0, 'ok')
(554.879, 0.0, 30375, 30247, 30055, 30087, 0, 'ok')
(554.932, 0.0, 30407, 30247, 30055, 30055, 0, 'ok')
(554.985, 0.0, 30375, 30311, 30055, 30055, 0, 'ok')
(555.037, 0.0, 30407, 30311, 30023, 30055, 0, 'ok')
(555.089, 0.0, 30407, 30247, 30055, 30055, 0, 'ok')
(555.141, 0.0, 30407, 30311, 30023, 30055, 0, 'ok')
(555.194, 0.0, 30407, 30279, 30055, 30055, 0, 'ok')
(555.246, 0.0, 30407, 30311, 30023, 30055, 0, 'ok')
(555.298, 0.0, 30407, 30311, 30023, 30055, 0, 'ok')
(555.35, 0.0, 30407, 30311, 30023, 30055, 0, 'ok')
(555.403, 0.0, 30375, 30343, 30023, 30055, 0, 'ok')
(555.455, 0.0, 30407, 30311, 30055, 30055, 0, 'ok')
(555.507, 0.0, 30407, 30311, 30023, 30055, 0, 'ok')
(555.559, 0.0, 30407, 30311, 30055, 30087, 0, 'ok')
(555.612, 0.0, 30407, 30279, 30055, 30055, 0, 'ok')
(555.664, 0.0, 30407, 30343, 30055, 30087, 0, 'ok')
(555.716, 0.0, 30375, 30247, 30055, 30055, 0, 'ok')
(555.767, 0.0, 30375, 30215, 30023, 30055, 0, 'ok')
(555.82, 0.0, 30407, 30279, 30023, 30087, 0, 'ok')
(555.872, 0.0, 30407, 30279, 30023, 30055, 0, 'ok')
(555.924, 0.0, 30407, 30247, 30055, 30055, 0, 'ok')
(555.976, 0.0, 30375, 30279, 30055, 30055, 0, 'ok')
(556.028, 0.0, 30375, 30279, 30055, 30055, 0, 'ok')
(556.081, 0.0, 30407, 30247, 30023, 30087, 0, 'ok')
(556.132, 0.0, 30407, 30279, 30023, 30055, 0, 'ok')
(556.185, 0.0, 30375, 30279, 30055, 30055, 0, 'ok')
(556.237, 0.0, 30439, 30247, 30055, 30055, 0, 'ok')
(556.29, 0.0, 30375, 30247, 30023, 30055, 0, 'ok')
(556.341, 0.0, 30375, 30247, 30055, 30055, 0, 'ok')
(556.394, 0.0, 30439, 30311, 30023, 30055, 0, 'ok')
(556.446, 0.0, 30375, 30279, 30055, 30055, 0, 'ok')
(556.499, 0.0, 30407, 30311, 30055, 30023, 0, 'ok')
(556.55, 0.0, 30407, 30279, 30055, 30055, 0, 'ok')
(556.603, 0.0, 30375, 30279, 30055, 30055, 0, 'ok')
(556.655, 0.0, 30439, 30311, 30055, 30087, 0, 'ok')
(556.708, 0.0, 30375, 30311, 30055, 30087, 0, 'ok')
(556.759, 0.0, 30375, 30279, 30055, 30055, 0, 'ok')
(556.812, 0.0, 30407, 30279, 30055, 30055, 0, 'ok')
(556.864, 0.0, 30375, 30279, 30055, 30055, 0, 'ok')
(556.916, 0.0, 30407, 30311, 30055, 30055, 0, 'ok')
(556.968, 0.0, 30407, 30279, 30055, 30055, 0, 'ok')
(557.021, 0.0, 30375, 30247, 30023, 30087, 0, 'ok')
(557.073, 0.0, 30375, 30247, 30055, 30055, 0, 'ok')
(557.125, 0.0, 30375, 30247, 30023, 30087, 0, 'ok')
(557.177, 0.0, 30407, 30247, 30055, 30055, 0, 'ok')
(557.23, 0.0, 30375, 30279, 30023, 30055, 0, 'ok')
(557.282, 0.0, 30407, 30279, 30023, 30055, 0, 'ok')
(557.334, 0.0, 30375, 30343, 30023, 30055, 0, 'ok')
(557.385, 0.0, 30407, 30311, 30055, 30055, 0, 'ok')
(557.438, 0.0, 30407, 30311, 30055, 30055, 0, 'ok')
(557.49, 0.0, 30375, 30279, 30023, 30055, 0, 'ok')
(557.542, 0.0, 30375, 30279, 30023, 30055, 0, 'ok')
(557.595, 0.0, 30407, 30279, 30023, 30055, 0, 'ok')
(557.647, 0.0, 30375, 30311, 30023, 30055, 0, 'ok')
(557.7, 0.0, 30407, 30311, 30023, 30055, 0, 'ok')
(557.751, 0.0, 30375, 30279, 30055, 30055, 0, 'ok')
(557.804, 0.0, 30375, 30311, 30055, 30055, 0, 'ok')
(557.856, 0.0, 30407, 30311, 30023, 30055, 0, 'ok')
(557.909, 0.0, 30375, 30343, 30023, 30055, 0, 'ok')
(557.96, 0.0, 30375, 30247, 30023, 30055, 0, 'ok')
(558.013, 0.0, 30375, 30311, 30055, 30055, 0, 'ok')
(558.065, 0.0, 30407, 30279, 30023, 30055, 0, 'ok')
(558.118, 0.0, 30375, 30247, 30055, 30055, 0, 'ok')
(558.169, 0.0, 30375, 30247, 30023, 30087, 0, 'ok')
(558.222, 0.0, 30375, 30279, 30023, 30087, 0, 'ok')
(558.274, 0.0, 30375, 30279, 30023, 30055, 0, 'ok')
(558.327, 0.0, 30375, 30247, 30023, 30055, 0, 'ok')
(558.378, 0.0, 30375, 30215, 30023, 30055, 0, 'ok')
(558.431, 0.0, 30375, 30343, 30055, 30087, 0, 'ok')
(558.483, 0.0, 30407, 30279, 30023, 30055, 0, 'ok')
(558.536, 0.0, 30375, 30279, 30023, 30055, 0, 'ok')
(558.587, 0.0, 30407, 30311, 30023, 30055, 0, 'ok')
(558.64, 0.0, 30375, 30311, 30023, 30055, 0, 'ok')
(558.692, 0.0, 30375, 30311, 30023, 30055, 0, 'ok')
(558.745, 0.0, 30407, 30279, 30055, 30055, 0, 'ok')
(558.796, 0.0, 30375, 30247, 30023, 30087, 0, 'ok')
(558.849, 0.0, 30375, 30311, 30023, 30055, 0, 'ok')
(558.901, 0.0, 30343, 30343, 30055, 30055, 0, 'ok')
(558.954, 0.0, 30407, 30343, 30023, 30055, 0, 'ok')
(559.005, 0.0, 30375, 30247, 30055, 30055, 0, 'ok')
(559.058, 0.0, 30375, 30279, 30023, 30055, 0, 'ok')
(559.11, 0.0, 30407, 30183, 30023, 30055, 0, 'ok')
(559.163, 0.0, 30343, 30311, 30055, 30023, 0, 'ok')
(559.214, 0.0, 30375, 30343, 30023, 30055, 0, 'ok')
(559.267, 0.0, 30407, 30343, 30055, 30055, 0, 'ok')
(559.319, 0.0, 30407, 30311, 30055, 30055, 0, 'ok')
(559.372, 0.0, 30407, 30375, 30055, 30055, 0, 'ok')
(559.423, 0.0, 30375, 30343, 30023, 30055, 0, 'ok')
(559.476, 0.0, 30407, 30311, 30023, 30087, 0, 'ok')
(559.528, 0.0, 30375, 30279, 30055, 30087, 0, 'ok')
(559.581, 0.0, 30439, 30247, 30055, 30055, 0, 'ok')
(559.632, 0.0, 30375, 30311, 30023, 30055, 0, 'ok')
(559.685, 0.0, 30375, 30311, 30023, 30055, 0, 'ok')
(559.737, 0.0, 30407, 30247, 30023, 30087, 0, 'ok')
(559.79, 0.0, 30343, 30247, 30023, 30055, 0, 'ok')
(559.84, 0.0, 30375, 30311, 30023, 30055, 0, 'ok')
(559.893, 0.0, 30375, 30279, 30055, 30055, 0, 'ok')
(559.946, 0.0, 30375, 30247, 30023, 30055, 0, 'ok')
(559.998, 0.0, 30375, 30279, 30055, 30055, 0, 'ok')
(560.05, 0.0, 30407, 30343, 30055, 30055, 0, 'ok')
(560.102, 0.0, 30407, 30311, 30055, 30055, 0, 'ok')
(560.155, 0.0, 30375, 30279, 30023, 30055, 0, 'ok')
(560.207, 0.0, 30407, 30343, 30023, 30055, 0, 'ok')
(560.259, 0.0, 30343, 30343, 30055, 30055, 0, 'ok')
(560.311, 0.0, 30375, 30247, 30055, 30055, 0, 'ok')
(560.364, 0.0, 30407, 30279, 30023, 30055, 0, 'ok')
(560.416, 0.0, 30407, 30279, 30023, 30087, 0, 'ok')
(560.468, 0.0, 30375, 30311, 30023, 30055, 0, 'ok')
(560.52, 0.0, 30343, 30247, 30055, 30055, 0, 'ok')
(560.573, 0.0, 30375, 30311, 30055, 30055, 0, 'ok')
(560.625, 0.0, 30375, 30279, 30023, 30055, 0, 'ok')
(560.677, 0.0, 30375, 30311, 30055, 30023, 0, 'ok')
(560.729, 0.0, 30407, 30311, 30023, 30055, 0, 'ok')
(560.782, 0.0, 30375, 30311, 30055, 30055, 0, 'ok')
(560.833, 0.0, 30375, 30311, 30023, 30055, 0, 'ok')
(560.886, 0.0, 30407, 30343, 30023, 30055, 0, 'ok')
(560.938, 0.0, 30439, 30247, 30055, 30055, 0, 'ok')
(560.991, 0.0, 30343, 30311, 30023, 30055, 0, 'ok')
(561.042, 0.0, 30407, 30311, 30023, 30055, 0, 'ok')
(561.095, 0.0, 30375, 30247, 30055, 30055, 0, 'ok')
(561.147, 0.0, 30375, 30279, 30023, 30055, 0, 'ok')
(561.2, 0.0, 30343, 30311, 30023, 30055, 0, 'ok')
(561.251, 0.0, 30375, 30247, 30055, 30055, 0, 'ok')
(561.304, 0.0, 30375, 30311, 30055, 30055, 0, 'ok')
(561.356, 0.0, 30375, 30279, 30023, 30087, 0, 'ok')
(561.409, 0.0, 30375, 30279, 30055, 30055, 0, 'ok')
(561.46, 0.0, 30343, 30311, 30055, 30055, 0, 'ok')
(561.513, 0.0, 30375, 30279, 30055, 30055, 0, 'ok')
(561.565, 0.0, 30407, 30279, 30055, 30055, 0, 'ok')
(561.618, 0.0, 30407, 30375, 30055, 30055, 0, 'ok')
(561.669, 0.0, 30375, 30247, 30023, 30055, 0, 'ok')
(561.722, 0.0, 30375, 30279, 30055, 30023, 0, 'ok')
(561.774, 0.0, 30375, 30279, 30023, 30055, 0, 'ok')
(561.827, 0.0, 30375, 30311, 30023, 30055, 0, 'ok')
(561.878, 0.0, 30375, 30279, 30055, 30023, 0, 'ok')
(561.931, 0.0, 30375, 30343, 30023, 30055, 0, 'ok')
(561.983, 0.0, 30407, 30279, 30023, 30055, 0, 'ok')
(562.036, 0.0, 30407, 30279, 30023, 30055, 0, 'ok')
(562.087, 0.0, 30439, 30311, 30055, 30055, 0, 'ok')
(562.14, 0.0, 30375, 30247, 30055, 30055, 0, 'ok')
(562.192, 0.0, 30375, 30247, 30055, 30055, 0, 'ok')
(562.245, 0.0, 30407, 30311, 30023, 30055, 0, 'ok')
(562.296, 0.0, 30407, 30247, 30055, 30055, 0, 'ok')
(562.349, 0.0, 30439, 30311, 30023, 30055, 0, 'ok')
(562.401, 0.0, 30375, 30375, 30023, 30087, 0, 'ok')
(562.454, 0.0, 30375, 30279, 30023, 30055, 0, 'ok')
(562.505, 0.0, 30375, 30311, 30023, 30055, 0, 'ok')
(562.558, 0.0, 30407, 30311, 30023, 30055, 0, 'ok')
(562.61, 0.0, 30407, 30343, 30055, 30055, 0, 'ok')
(562.663, 0.0, 30375, 30311, 30055, 30055, 0, 'ok')
(562.714, 0.0, 30375, 30279, 30023, 30055, 0, 'ok')
(562.767, 0.0, 30343, 30279, 30023, 30055, 0, 'ok')
(562.819, 0.0, 30407, 30311, 30055, 30087, 0, 'ok')
(562.871, 0.0, 30407, 30279, 30023, 30055, 0, 'ok')
(562.923, 0.0, 30407, 30279, 30055, 30055, 0, 'ok')
(562.975, 0.0, 30343, 30311, 30023, 30055, 0, 'ok')
(563.028, 0.0, 30375, 30311, 30023, 30055, 0, 'ok')
(563.08, 0.0, 30343, 30311, 30023, 30055, 0, 'ok')
(563.132, 0.0, 30375, 30279, 30055, 30023, 0, 'ok')
(563.184, 0.0, 30407, 30311, 30055, 30055, 0, 'ok')
(563.237, 0.0, 30375, 30279, 30023, 30087, 0, 'ok')
(563.289, 0.0, 30375, 30247, 30023, 30055, 0, 'ok')
(563.341, 0.0, 30343, 30311, 30023, 30055, 0, 'ok')
(563.393, 0.0, 30407, 30343, 30055, 30055, 0, 'ok')
(563.446, 0.0, 30407, 30311, 30055, 30055, 0, 'ok')
(563.497, 0.0, 30375, 30247, 30023, 30055, 0, 'ok')
(563.549, 0.0, 30375, 30279, 30055, 30055, 0, 'ok')
(563.601, 0.0, 30375, 30279, 30023, 30055, 0, 'ok')
(563.653, 0.0, 30407, 30247, 30023, 30055, 0, 'ok')
(563.706, 0.0, 30439, 30311, 30023, 30055, 0, 'ok')
(563.757, 0.0, 30375, 30215, 30023, 30055, 0, 'ok')
(563.81, 0.0, 30407, 30279, 30023, 30055, 0, 'ok')
(563.862, 0.0, 30375, 30279, 30023, 30055, 0, 'ok')
(563.915, 0.0, 30375, 30279, 30055, 30055, 0, 'ok')
(563.966, 0.0, 30407, 30311, 30023, 30055, 0, 'ok')
(564.019, 0.0, 30407, 30279, 30055, 30055, 0, 'ok')
(564.071, 0.0, 30375, 30247, 30023, 30055, 0, 'ok')
(564.124, 0.0, 30407, 30279, 30023, 30055, 0, 'ok')
(564.175, 0.0, 30407, 30279, 30023, 30055, 0, 'ok')
(564.228, 0.0, 30375, 30279, 30055, 30055, 0, 'ok')
(564.28, 0.0, 30407, 30279, 30023, 30055, 0, 'ok')
(564.333, 0.0, 30375, 30279, 30023, 30055, 0, 'ok')
(564.384, 0.0, 30343, 30311, 30023, 30055, 0, 'ok')
(564.437, 0.0, 30407, 30247, 30023, 30055, 0, 'ok')
(564.489, 0.0, 30407, 30215, 30023, 30055, 0, 'ok')
(564.541, 0.0, 30407, 30279, 30023, 30055, 0, 'ok')
(564.593, 0.0, 30407, 30279, 30055, 30055, 0, 'ok')
(564.646, 0.0, 30407, 30311, 30023, 30055, 0, 'ok')
(564.698, 0.0, 30375, 30311, 30023, 30055, 0, 'ok')
(564.75, 0.0, 30407, 30279, 30023, 30055, 0, 'ok')
(564.802, 0.0, 30375, 30279, 30055, 30055, 0, 'ok')
(564.855, 0.0, 30407, 30343, 30055, 30055, 0, 'ok')
(564.906, 0.0, 30407, 30311, 30023, 30055, 0, 'ok')
(564.958, 0.0, 30375, 30247, 29991, 30023, 0, 'ok')
(565.011, 0.0, 30407, 30215, 30023, 30055, 0, 'ok')
(565.063, 0.0, 30407, 30247, 30023, 30055, 0, 'ok')
(565.116, 0.0, 30407, 30247, 30055, 30055, 0, 'ok')
(565.167, 0.0, 30375, 30247, 30055, 30055, 0, 'ok')
(565.22, 0.0, 30407, 30311, 30023, 30055, 0, 'ok')
(565.272, 0.0, 30343, 30247, 30055, 30055, 0, 'ok')
(565.325, 0.0, 30375, 30343, 30023, 30055, 0, 'ok')
(565.376, 0.0, 30407, 30215, 30023, 30055, 0, 'ok')
(565.429, 0.0, 30407, 30279, 30055, 30055, 0, 'ok')
(565.481, 0.0, 30407, 30247, 30023, 30055, 0, 'ok')
(565.534, 0.0, 30407, 30279, 30023, 30055, 0, 'ok')
(565.585, 0.0, 30375, 30247, 30023, 30055, 0, 'ok')
(565.638, 0.0, 30407, 30279, 30023, 30055, 0, 'ok')
(565.69, 0.0, 30407, 30247, 30023, 30055, 0, 'ok')
(565.743, 0.0, 30375, 30343, 30055, 30023, 0, 'ok')
(565.794, 0.0, 30407, 30311, 30023, 30055, 0, 'ok')
(565.847, 0.0, 30375, 30311, 30023, 30087, 0, 'ok')
(565.899, 0.0, 30375, 30247, 30023, 30055, 0, 'ok')
(565.952, 0.0, 30343, 30311, 30055, 30055, 0, 'ok')
(566.003, 0.0, 30439, 30311, 30055, 30023, 0, 'ok')
(566.056, 0.0, 30375, 30247, 30055, 30055, 0, 'ok')
(566.108, 0.0, 30375, 30279, 30055, 30055, 0, 'ok')
(566.161, 0.0, 30375, 30343, 30023, 30055, 0, 'ok')
(566.211, 0.0, 30407, 30247, 30023, 30055, 0, 'ok')
(566.264, 0.0, 30375, 30247, 30055, 30055, 0, 'ok')
(566.316, 0.0, 30375, 30279, 30055, 30055, 0, 'ok')
(566.369, 0.0, 30375, 30279, 30055, 30055, 0, 'ok')
(566.419, 0.0, 30375, 30247, 29991, 30055, 0, 'ok')
(566.472, 0.0, 30439, 30247, 30023, 30023, 0, 'ok')
(566.524, 0.0, 30407, 30311, 30023, 30055, 0, 'ok')
(566.577, 0.0, 30407, 30311, 30055, 30055, 0, 'ok')
(566.627, 0.0, 30407, 30343, 30023, 30023, 0, 'ok')
(566.68, 0.0, 30407, 30215, 30023, 30023, 0, 'ok')
(566.731, 0.0, 30407, 30279, 30023, 30055, 0, 'ok')
(566.784, 0.0, 30407, 30183, 30023, 30055, 0, 'ok')
(566.834, 0.0, 30375, 30247, 30023, 30055, 0, 'ok')
(566.887, 0.0, 30343, 30311, 30023, 30055, 0, 'ok')
(566.94, 0.0, 30343, 30311, 30023, 30055, 0, 'ok')
(566.992, 0.0, 30375, 30279, 30023, 30055, 0, 'ok')
(567.044, 0.0, 30407, 30247, 30023, 30055, 0, 'ok')
(567.096, 0.0, 30375, 30343, 30023, 30055, 0, 'ok')
(567.149, 0.0, 30407, 30279, 30055, 30055, 0, 'ok')
(567.201, 0.0, 30407, 30311, 29991, 30055, 0, 'ok')
(567.253, 0.0, 30375, 30247, 30055, 30055, 0, 'ok')
(567.305, 0.0, 30375, 30343, 30023, 30055, 0, 'ok')
(567.358, 0.0, 30407, 30279, 30055, 30055, 0, 'ok')
(567.41, 0.0, 30375, 30247, 30023, 30055, 0, 'ok')
(567.462, 0.0, 30375, 30343, 30023, 30055, 0, 'ok')
(567.514, 0.0, 30375, 30247, 30023, 30023, 0, 'ok')
(567.567, 0.0, 30375, 30279, 30055, 30055, 0, 'ok')
(567.619, 0.0, 30407, 30343, 30023, 30055, 0, 'ok')
(567.671, 0.0, 30407, 30247, 30023, 30055, 0, 'ok')
(567.723, 0.0, 30375, 30247, 30023, 30055, 0, 'ok')
(567.776, 0.0, 30407, 30279, 30023, 30055, 0, 'ok')
(567.828, 0.0, 30407, 30279, 30055, 30055, 0, 'ok')
(567.88, 0.0, 30407, 30279, 30023, 30055, 0, 'ok')
(567.931, 0.0, 30375, 30279, 30023, 30055, 0, 'ok')
(567.984, 0.0, 30375, 30279, 30023, 30055, 0, 'ok')
(568.035, 0.0, 30375, 30279, 30023, 30055, 0, 'ok')
(568.087, 0.0, 30375, 30279, 30023, 30023, 0, 'ok')
(568.139, 0.0, 30375, 30247, 30023, 30055, 0, 'ok')
(568.191, 0.0, 30375, 30311, 30055, 30055, 0, 'ok')
(568.244, 0.0, 30407, 30311, 30055, 30055, 0, 'ok')
(568.295, 0.0, 30407, 30311, 30023, 30055, 0, 'ok')
(568.348, 0.0, 30375, 30279, 30023, 30055, 0, 'ok')
(568.4, 0.0, 30375, 30247, 30055, 30055, 0, 'ok')
(568.453, 0.0, 30375, 30247, 30023, 30055, 0, 'ok')
(568.504, 0.0, 30375, 30279, 30055, 30055, 0, 'ok')
(568.557, 0.0, 30407, 30279, 30023, 30023, 0, 'ok')
(568.609, 0.0, 30375, 30247, 30023, 30055, 0, 'ok')
(568.662, 0.0, 30375, 30311, 30023, 30055, 0, 'ok')
(568.712, 0.0, 30375, 30279, 30023, 30023, 0, 'ok')
(568.765, 0.0, 30375, 30247, 30055, 30055, 0, 'ok')
(568.816, 0.0, 30343, 30247, 30023, 30055, 0, 'ok')
(568.869, 0.0, 30407, 30279, 30023, 30055, 0, 'ok')
(568.919, 0.0, 30407, 30311, 30023, 30055, 0, 'ok')
(568.972, 0.0, 30375, 30311, 30023, 30055, 0, 'ok')
(569.024, 0.0, 30375, 30279, 30023, 30023, 0, 'ok')
(569.077, 0.0, 30407, 30343, 30023, 30055, 0, 'ok')
(569.127, 0.0, 30375, 30279, 30023, 30023, 0, 'ok')
(569.18, 0.0, 30407, 30311, 30023, 30023, 0, 'ok')
(569.231, 0.0, 30407, 30311, 30023, 30087, 0, 'ok')
(569.284, 0.0, 30375, 30279, 30055, 30055, 0, 'ok')
(569.334, 0.0, 30375, 30343, 29991, 30055, 0, 'ok')
(569.387, 0.0, 30407, 30247, 30023, 30055, 0, 'ok')
(569.44, 0.0, 30407, 30343, 29991, 30055, 0, 'ok')
(569.492, 0.0, 30407, 30279, 30023, 30055, 0, 'ok')
(569.544, 0.0, 30439, 30279, 30023, 30023, 0, 'ok')
(569.596, 0.0, 30407, 30311, 30023, 30023, 0, 'ok')
(569.649, 0.0, 30407, 30279, 30023, 30055, 0, 'ok')
(569.701, 0.0, 30407, 30311, 30023, 30055, 0, 'ok')
(569.753, 0.0, 30375, 30343, 30023, 30055, 0, 'ok')
(569.804, 0.0, 30407, 30279, 30023, 30055, 0, 'ok')
(569.857, 0.0, 30407, 30311, 29991, 30055, 0, 'ok')
(569.908, 0.0, 30343, 30311, 30023, 30055, 0, 'ok')
(569.96, 0.0, 30375, 30247, 30023, 30055, 0, 'ok')
(570.011, 0.0, 30375, 30279, 30055, 30055, 0, 'ok')
(570.064, 0.0, 30375, 30215, 30023, 30055, 0, 'ok')
(570.116, 0.0, 30375, 30279, 30023, 30055, 0, 'ok')
(570.168, 0.0, 30407, 30247, 30023, 30023, 0, 'ok')
(570.22, 0.0, 30407, 30247, 30023, 30055, 0, 'ok')
(570.272, 0.0, 30407, 30247, 30023, 30055, 0, 'ok')
(570.325, 0.0, 30343, 30279, 30055, 30023, 0, 'ok')
(570.376, 0.0, 30407, 30247, 30023, 30055, 0, 'ok')
(570.429, 0.0, 30375, 30311, 30023, 30023, 0, 'ok')
(570.481, 0.0, 30375, 30215, 30023, 30023, 0, 'ok')
(570.534, 0.0, 30439, 30343, 30023, 30055, 0, 'ok')
(570.585, 0.0, 30407, 30247, 30023, 30023, 0, 'ok')
(570.638, 0.0, 30343, 30247, 30055, 30055, 0, 'ok')
(570.69, 0.0, 30375, 30215, 30023, 30055, 0, 'ok')
(570.743, 0.0, 30375, 30311, 30023, 30055, 0, 'ok')
(570.794, 0.0, 30375, 30279, 30023, 30055, 0, 'ok')
(570.847, 0.0, 30375, 30247, 30023, 30023, 0, 'ok')
(570.899, 0.0, 30407, 30215, 30023, 30055, 0, 'ok')
(570.952, 0.0, 30375, 30247, 30023, 30055, 0, 'ok')
(571.003, 0.0, 30343, 30279, 30023, 30055, 0, 'ok')
(571.056, 0.0, 30375, 30247, 30023, 30055, 0, 'ok')
(571.108, 0.0, 30407, 30311, 30023, 30055, 0, 'ok')
(571.161, 0.0, 30407, 30311, 30023, 30023, 0, 'ok')
(571.211, 0.0, 30375, 30311, 30023, 30023, 0, 'ok')
(571.264, 0.0, 30407, 30215, 30023, 30023, 0, 'ok')
(571.315, 0.0, 30343, 30343, 30023, 30055, 0, 'ok')
(571.368, 0.0, 30375, 30311, 30023, 30055, 0, 'ok')
(571.418, 0.0, 30407, 30247, 30023, 30055, 0, 'ok')
(571.471, 0.0, 30375, 30215, 30023, 30055, 0, 'ok')
(571.524, 0.0, 30375, 30279, 30023, 30055, 0, 'ok')
(571.576, 0.0, 30375, 30311, 30023, 30023, 0, 'ok')
(571.628, 0.0, 30375, 30279, 30023, 30023, 0, 'ok')
(571.679, 0.0, 30375, 30311, 30023, 30055, 0, 'ok')
(571.732, 0.0, 30375, 30247, 30023, 30055, 0, 'ok')
(571.783, 0.0, 30407, 30311, 30023, 30055, 0, 'ok')
(571.835, 0.0, 30375, 30343, 30023, 30055, 0, 'ok')
(571.886, 0.0, 30375, 30247, 30023, 30023, 0, 'ok')
(571.939, 0.0, 30375, 30279, 30023, 30055, 0, 'ok')
(571.991, 0.0, 30375, 30247, 30023, 30055, 0, 'ok')
(572.043, 0.0, 30343, 30279, 30023, 30055, 0, 'ok')
(572.094, 0.0, 30343, 30279, 30023, 30055, 0, 'ok')
(572.147, 0.0, 30375, 30311, 30023, 30055, 0, 'ok')
(572.198, 0.0, 30375, 30279, 30023, 30023, 0, 'ok')
(572.25, 0.0, 30343, 30311, 30023, 30055, 0, 'ok')
(572.301, 0.0, 30375, 30247, 30023, 30055, 0, 'ok')
(572.354, 0.0, 30375, 30247, 30023, 30055, 0, 'ok')
(572.405, 0.0, 30407, 30247, 30023, 30055, 0, 'ok')
(572.458, 0.0, 30343, 30311, 30055, 30055, 0, 'ok')
(572.51, 0.0, 30375, 30279, 29991, 30055, 0, 'ok')
(572.562, 0.0, 30375, 30311, 30023, 30055, 0, 'ok')
