(727.153, 0.0, 30311, 30375, 29959, 30023, 0, 'ok')
(727.205, 0.0, 30311, 30375, 29959, 30023, 0, 'ok')
(727.256, 0.0, 30311, 30407, 29959, 29991, 0, 'ok')
(727.309, 0.0, 30279, 30343, 29959, 30023, 0, 'ok')
(727.361, 0.0, 30343, 30311, 29927, 30023, 0, 'ok')
(727.414, 0.0, 30311, 30375, 29959, 30023, 0, 'ok')
(727.465, 0.0, 30343, 30407, 29959, 30023, 0, 'ok')
(727.518, 0.0, 30311, 30439, 29959, 30023, 0, 'ok')
(727.57, 0.0, 30311, 30439, 29959, 30023, 0, 'ok')
(727.623, 0.0, 30279, 30407, 29959, 30023, 0, 'ok')
(727.674, 0.0, 30311, 30439, 29959, 30023, 0, 'ok')
(727.727, 0.0, 30311, 30407, 29959, 30023, 0, 'ok')
(727.779, 0.0, 30343, 30375, 29959, 30023, 0, 'ok')
(727.832, 0.0, 30311, 30375, 29959, 30023, 0, 'ok')
(727.883, 0.0, 30311, 30375, 29991, 30023, 0, 'ok')
(727.936, 0.0, 30311, 30375, 29927, 30023, 0, 'ok')
(727.988, 0.0, 30311, 30375, 29959, 30023, 0, 'ok')
(728.041, 0.0, 30343, 30407, 29959, 30023, 0, 'ok')
(728.092, 0.0, 30279, 30375, 29959, 30023, 0, 'ok')
(728.145, 0.0, 30343, 30439, 29959, 30023, 0, 'ok')
(728.196, 0.0, 30311, 30375, 29991, 30023, 0, 'ok')
(728.249, 0.0, 30311, 30407, 29959, 30055, 0, 'ok')
(728.299, 0.0, 30311, 30407, 29959, 30023, 0, 'ok')
(728.352, 0.0, 30311, 30311, 29991, 30023, 0, 'ok')
(728.405, 0.0, 30311, 30407, 29959, 30023, 0, 'ok')
(728.457, 0.0, 30311, 30375, 29959, 30023, 0, 'ok')
(728.509, 0.0, 30311, 30375, 29959, 30023, 0, 'ok')
(728.561, 0.0, 30343, 30375, 29959, 30023, 0, 'ok')
(728.614, 0.0, 30311, 30343, 29959, 30023, 0, 'ok')
(728.666, 0.0, 30343, 30375, 29959, 30023, 0, 'ok')
(728.718, 0.0, 30311, 30407, 29959, 30023, 0, 'ok')
(728.77, 0.0, 30279, 30343, 29927, 30023, 0, 'ok')
(728.823, 0.0, 30311, 30407, 29927, 30023, 0, 'ok')
(728.875, 0.0, 30343, 30375, 29959, 30023, 0, 'ok')
(728.927, 0.0, 30311, 30439, 29927, 30023, 0, 'ok')
(728.979, 0.0, 30311, 30407, 29959, 30023, 0, 'ok')
(729.032, 0.0, 30279, 30407, 29959, 29991, 0, 'ok')
(729.083, 0.0, 30311, 30375, 29959, 30023, 0, 'ok')
(729.136, 0.0, 30343, 30439, 29959, 30055, 0, 'ok')
(729.187, 0.0, 30311, 30439, 29959, 30023, 0, 'ok')
(729.24, 0.0, 30343, 30407, 29959, 30023, 0, 'ok')
(729.291, 0.0, 30311, 30375, 29959, 30023, 0, 'ok')
(729.343, 0.0, 30311, 30407, 29959, 30055, 0, 'ok')
(729.396, 0.0, 30343, 30343, 29959, 30023, 0, 'ok')
(729.448, 0.0, 30343, 30375, 29959, 29991, 0, 'ok')
(729.5, 0.0, 30279, 30407, 29959, 30023, 0, 'ok')
(729.552, 0.0, 30279, 30375, 29927, 30023, 0, 'ok')
(729.605, 0.0, 30311, 30375, 29959, 30023, 0, 'ok')
(729.657, 0.0, 30311, 30407, 29959, 30023, 0, 'ok')
(729.709, 0.0, 30311, 30375, 29959, 30023, 0, 'ok')
(729.761, 0.0, 30311, 30375, 29959, 30023, 0, 'ok')
(729.814, 0.0, 30311, 30407, 29959, 30023, 0, 'ok')
(729.866, 0.0, 30375, 30407, 29959, 30055, 0, 'ok')
(729.918, 0.0, 30311, 30439, 29959, 30023, 0, 'ok')
(729.97, 0.0, 30311, 30375, 29927, 30023, 0, 'ok')
(730.023, 0.0, 30279, 30407, 29959, 30023, 0, 'ok')
(730.075, 0.0, 30343, 30343, 29959, 30023, 0, 'ok')
(730.127, 0.0, 30311, 30375, 29959, 30023, 0, 'ok')
(730.178, 0.0, 30279, 30375, 29927, 30023, 0, 'ok')
(730.231, 0.0, 30343, 30311, 29959, 30023, 0, 'ok')
(730.282, 0.0, 30311, 30375, 29991, 30023, 0, 'ok')
(730.334, 0.0, 30311, 30407, 29959, 30023, 0, 'ok')
(730.385, 0.0, 30279, 30311, 29927, 30023, 0, 'ok')
(730.438, 0.0, 30311, 30407, 29959, 30023, 0, 'ok')
(730.491, 0.0, 30279, 30343, 29959, 30023, 0, 'ok')
(730.542, 0.0, 30311, 30343, 29959, 30023, 0, 'ok')
(730.595, 0.0, 30311, 30375, 29959, 30023, 0, 'ok')
(730.647, 0.0, 30311, 30407, 29927, 29991, 0, 'ok')
(730.7, 0.0, 30343, 30439, 29927, 30023, 0, 'ok')
(730.751, 0.0, 30311, 30343, 29959, 29991, 0, 'ok')
(730.804, 0.0, 30311, 30439, 29959, 30023, 0, 'ok')
(730.856, 0.0, 30311, 30375, 29959, 30023, 0, 'ok')
(730.909, 0.0, 30311, 30407, 29959, 30023, 0, 'ok')
(730.96, 0.0, 30311, 30407, 29927, 30023, 0, 'ok')
(731.013, 0.0, 30311, 30439, 29959, 30023, 0, 'ok')
(731.065, 0.0, 30311, 30407, 29959, 30023, 0, 'ok')
(731.118, 0.0, 30279, 30407, 29959, 30023, 0, 'ok')
(731.169, 0.0, 30311, 30407, 29959, 30023, 0, 'ok')
(731.222, 0.0, 30311, 30343, 29959, 30023, 0, 'ok')
(731.274, 0.0, 30279, 30375, 29959, 30023, 0, 'ok')
(731.327, 0.0, 30343, 30375, 29959, 30023, 0, 'ok')
(731.378, 0.0, 30279, 30343, 29959, 30023, 0, 'ok')
(731.431, 0.0, 30311, 30311, 29959, 30023, 0, 'ok')
(731.483, 0.0, 30343, 30375, 29959, 30023, 0, 'ok')
(731.536, 0.0, 30279, 30343, 29959, 30023, 0, 'ok')
(731.587, 0.0, 30311, 30375, 29959, 30023, 0, 'ok')
(731.64, 0.0, 30311, 30375, 29959, 30023, 0, 'ok')
(731.692, 0.0, 30311, 30407, 29959, 29991, 0, 'ok')
(731.745, 0.0, 30311, 30375, 29959, 30023, 0, 'ok')
(731.796, 0.0, 30311, 30343, 29927, 30023, 0, 'ok')
(731.849, 0.0, 30279, 30375, 29959, 30023, 0, 'ok')
(731.901, 0.0, 30311, 30343, 29927, 30023, 0, 'ok')
(731.954, 0.0, 30279, 30407, 29959, 30023, 0, 'ok')
(732.005, 0.0, 30311, 30375, 29959, 30023, 0, 'ok')
(732.058, 0.0, 30311, 30343, 29959, 30023, 0, 'ok')
(732.11, 0.0, 30311, 30375, 29959, 30023, 0, 'ok')
(732.163, 0.0, 30279, 30375, 29927, 30023, 0, 'ok')
(732.214, 0.0, 30311, 30375, 29959, 30023, 0, 'ok')
(732.267, 0.0, 30311, 30407, 29959, 30055, 0, 'ok')
(732.319, 0.0, 30279, 30407, 29959, 30023, 0, 'ok')
(732.372, 0.0, 30279, 30311, 29959, 30023, 0, 'ok')
(732.422, 0.0, 30279, 30407, 29959, 30023, 0, 'ok')
(732.475, 0.0, 30311, 30407, 29959, 30023, 0, 'ok')
(732.528, 0.0, 30311, 30343, 29959, 30023, 0, 'ok')
(732.58, 0.0, 30311, 30375, 29959, 30023, 0, 'ok')
(732.632, 0.0, 30279, 30343, 29959, 30023, 0, 'ok')
(732.684, 0.0, 30279, 30343, 29959, 30023, 0, 'ok')
(732.737, 0.0, 30279, 30375, 29959, 30023, 0, 'ok')
(732.789, 0.0, 30311, 30375, 29959, 30023, 0, 'ok')
(732.841, 0.0, 30311, 30375, 29927, 30023, 0, 'ok')
(732.893, 0.0, 30279, 30343, 29959, 30023, 0, 'ok')
(732.946, 0.0, 30311, 30343, 29959, 30023, 0, 'ok')
(732.998, 0.0, 30279, 30343, 29959, 30023, 0, 'ok')
(733.05, 0.0, 30311, 30439, 29959, 30023, 0, 'ok')
(733.102, 0.0, 30343, 30375, 29959, 30023, 0, 'ok')
(733.155, 0.0, 30343, 30375, 29959, 30023, 0, 'ok')
(733.207, 0.0, 30311, 30375, 29959, 30023, 0, 'ok')
(733.259, 0.0, 30343, 30279, 29959, 30023, 0, 'ok')
(733.311, 0.0, 30343, 30343, 29959, 30023, 0, 'ok')
(733.364, 0.0, 30311, 30407, 29959, 30023, 0, 'ok')
(733.416, 0.0, 30343, 30343, 29959, 30023, 0, 'ok')
(733.468, 0.0, 30311, 30407, 29959, 30023, 0, 'ok')
(733.52, 0.0, 30311, 30375, 29927, 30023, 0, 'ok')
(733.573, 0.0, 30311, 30471, 29959, 30023, 0, 'ok')
(733.625, 0.0, 30279, 30375, 29959, 30023, 0, 'ok')
(733.677, 0.0, 30311, 30375, 29959, 30023, 0, 'ok')
(733.729, 0.0, 30343, 30375, 29959, 30023, 0, 'ok')
(733.782, 0.0, 30311, 30343, 29959, 30023, 0, 'ok')
(733.833, 0.0, 30343, 30343, 29927, 30023, 0, 'ok')
(733.886, 0.0, 30279, 30375, 29959, 30023, 0, 'ok')
(733.938, 0.0, 30311, 30343, 29959, 30023, 0, 'ok')
(733.991, 0.0, 30279, 30407, 29959, 30023, 0, 'ok')
(734.042, 0.0, 30311, 30407, 29959, 30023, 0, 'ok')
(734.095, 0.0, 30279, 30375, 29959, 30023, 0, 'ok')
(734.147, 0.0, 30311, 30439, 29959, 30023, 0, 'ok')
(734.2, 0.0, 30311, 30407, 29959, 30023, 0, 'ok')
(734.251, 0.0, 30279, 30439, 29927, 30023, 0, 'ok')
(734.304, 0.0, 30311, 30439, 29927, 30023, 0, 'ok')
(734.356, 0.0, 30311, 30343, 29959, 30023, 0, 'ok')
(734.409, 0.0, 30311, 30407, 29959, 30023, 0, 'ok')
(734.46, 0.0, 30311, 30407, 29959, 30023, 0, 'ok')
(734.513, 0.0, 30279, 30407, 29959, 30023, 0, 'ok')
(734.565, 0.0, 30311, 30407, 29959, 30023, 0, 'ok')
(734.618, 0.0, 30311, 30375, 29959, 30023, 0, 'ok')
(734.669, 0.0, 30311, 30407, 29959, 30023, 0, 'ok')
(734.722, 0.0, 30311, 30375, 29959, 30023, 0, 'ok')
(734.773, 0.0, 30311, 30407, 29959, 30023, 0, 'ok')
