(1665.84, 4.7, 36488, 36488, 36552, 36424, 0, 'ok')
(1665.89, 4.7, 36520, 36520, 36520, 36424, 0, 'ok')
(1665.94, 4.7, 36488, 36456, 36616, 36456, 0, 'ok')
(1665.99, 4.7, 36488, 36520, 36616, 36424, 0, 'ok')
(1666.04, 4.7, 36488, 36488, 36520, 36424, 0, 'ok')
(1666.09, 4.7, 36488, 36520, 36584, 36424, 0, 'ok')
(1666.15, 4.7, 36520, 36456, 36552, 36424, 0, 'ok')
(1666.2, 4.7, 36456, 36520, 36552, 36424, 0, 'ok')
(1666.25, 4.7, 36488, 36488, 36520, 36424, 0, 'ok')
(1666.3, 4.7, 36488, 36488, 36552, 36392, 0, 'ok')
(1666.35, 4.7, 36488, 36456, 36616, 36424, 0, 'ok')
(1666.41, 4.7, 36488, 36520, 36616, 36424, 0, 'ok')
(1666.46, 4.7, 36488, 36456, 36520, 36424, 0, 'ok')
(1666.51, 4.7, 36488, 36488, 36520, 36456, 0, 'ok')
(1666.56, 4.7, 36488, 36488, 36520, 36424, 0, 'ok')
(1666.62, 4.7, 36488, 36488, 36584, 36392, 0, 'ok')
(1666.67, 4.7, 36488, 36456, 36520, 36456, 0, 'ok')
(1666.72, 4.7, 36488, 36520, 36520, 36360, 0, 'ok')
(1666.77, 4.7, 36488, 36456, 36552, 36424, 0, 'ok')
(1666.82, 4.7, 36488, 36456, 36552, 36392, 0, 'ok')
(1666.88, 4.7, 36488, 36488, 36616, 36424, 0, 'ok')
(1666.93, 4.7, 36456, 36488, 36584, 36456, 0, 'ok')
(1666.98, 4.7, 36488, 36552, 36520, 36392, 0, 'ok')
(1667.03, 4.7, 36488, 36456, 36488, 36424, 0, 'ok')
(1667.08, 4.7, 36488, 36520, 36552, 36424, 0, 'ok')
(1667.14, 4.7, 36488, 36456, 36520, 36456, 0, 'ok')
(1667.19, 4.7, 36488, 36456, 36488, 36392, 0, 'ok')
(1667.24, 4.7, 36488, 36488, 36488, 36424, 0, 'ok')
(1667.29, 4.7, 36520, 36488, 36552, 36424, 0, 'ok')
(1667.34, 4.7, 36488, 36520, 36584, 36424, 0, 'ok')
(1667.4, 4.7, 36488, 36520, 36488, 36424, 0, 'ok')
(1667.45, 4.7, 36488, 36488, 36648, 36424, 0, 'ok')
(1667.5, 4.7, 36488, 36488, 36552, 36424, 0, 'ok')
(1667.55, 4.7, 36488, 36456, 36552, 36488, 0, 'ok')
(1667.61, 4.7, 36488, 36520, 36584, 36456, 0, 'ok')
(1667.66, 4.7, 36488, 36520, 36584, 36424, 0, 'ok')
(1667.71, 4.7, 36488, 36488, 36520, 36456, 0, 'ok')
(1667.76, 4.7, 36424, 36488, 36520, 36424, 0, 'ok')
(1667.81, 4.7, 36488, 36520, 36520, 36424, 0, 'ok')
(1667.87, 4.7, 36456, 36488, 36488, 36424, 0, 'ok')
(1667.92, 4.7, 36488, 36488, 36520, 36456, 0, 'ok')
(1667.97, 4.7, 36488, 36488, 36520, 36424, 0, 'ok')
(1668.02, 4.7, 36488, 36520, 36552, 36392, 0, 'ok')
(1668.08, 4.7, 36488, 36488, 36552, 36456, 0, 'ok')
(1668.13, 4.7, 36488, 36488, 36552, 36456, 0, 'ok')
(1668.18, 4.7, 36488, 36488, 36552, 36424, 0, 'ok')
(1668.23, 4.7, 36456, 36488, 36488, 36424, 0, 'ok')
(1668.28, 4.7, 36488, 36488, 36584, 36456, 0, 'ok')
(1668.34, 4.7, 36488, 36488, 36552, 36456, 0, 'ok')
(1668.39, 4.7, 36488, 36456, 36520, 36456, 0, 'ok')
(1668.44, 4.7, 36520, 36488, 36552, 36424, 0, 'ok')
(1668.49, 4.7, 36488, 36520, 36584, 36456, 0, 'ok')
(1668.55, 4.7, 36488, 36520, 36520, 36424, 0, 'ok')
(1668.6, 4.7, 36488, 36520, 36488, 36424, 0, 'ok')
(1668.65, 4.7, 36488, 36488, 36552, 36424, 0, 'ok')
(1668.7, 4.7, 36488, 36456, 36520, 36424, 0, 'ok')
(1668.75, 4.7, 36488, 36456, 36584, 36456, 0, 'ok')
(1668.81, 4.7, 36488, 36488, 36488, 36456, 0, 'ok')
(1668.86, 4.7, 36488, 36488, 36488, 36424, 0, 'ok')
(1668.91, 4.7, 36488, 36552, 36616, 36456, 0, 'ok')
(1668.96, 4.7, 36488, 36488, 36552, 36424, 0, 'ok')
(1669.02, 4.7, 36456, 36488, 36584, 36424, 0, 'ok')
(1669.07, 4.7, 36488, 36456, 36552, 36424, 0, 'ok')
(1669.12, 4.7, 36488, 36456, 36584, 36424, 0, 'ok')
(1669.17, 4.7, 36488, 36488, 36552, 36456, 0, 'ok')
(1669.22, 4.7, 36456, 36520, 36520, 36424, 0, 'ok')
(1669.28, 4.7, 36488, 36520, 36584, 36456, 0, 'ok')
(1669.33, 4.7, 36488, 36488, 36552, 36424, 0, 'ok')
(1669.38, 4.7, 36488, 36424, 36520, 36456, 0, 'ok')
(1669.43, 4.7, 36488, 36488, 36520, 36456, 0, 'ok')
(1669.49, 4.7, 36488, 36520, 36552, 36392, 0, 'ok')
(1669.54, 4.7, 36520, 36456, 36616, 36424, 0, 'ok')
(1669.59, 4.7, 36488, 36456, 36520, 36456, 0, 'ok')
(1669.64, 4.7, 36456, 36488, 36584, 36392, 0, 'ok')
(1669.69, 4.7, 36488, 36520, 36648, 36392, 0, 'ok')
(1669.75, 4.7, 36488, 36552, 36488, 36392, 0, 'ok')
(1669.8, 4.7, 36488, 36520, 36520, 36424, 0, 'ok')
(1669.85, 4.7, 36488, 36488, 36456, 36424, 0, 'ok')
(1669.9, 4.7, 36488, 36456, 36584, 36392, 0, 'ok')
(1669.96, 4.7, 36488, 36488, 36584, 36424, 0, 'ok')
(1670.01, 4.7, 36488, 36488, 36456, 36424, 0, 'ok')
(1670.06, 4.7, 36488, 36520, 36648, 36456, 0, 'ok')
(1670.11, 4.7, 36488, 36456, 36520, 36424, 0, 'ok')
(1670.17, 4.7, 36488, 36456, 36520, 36488, 0, 'ok')
(1670.22, 4.7, 36456, 36488, 36520, 36424, 0, 'ok')
(1670.27, 4.7, 36488, 36488, 36552, 36424, 0, 'ok')
(1670.32, 4.7, 36488, 36488, 36520, 36424, 0, 'ok')
(1670.37, 4.7, 36488, 36488, 36584, 36456, 0, 'ok')
(1670.42, 4.7, 36488, 36552, 36552, 36424, 0, 'ok')
(1670.48, 4.7, 36488, 36488, 36584, 36424, 0, 'ok')
(1670.53, 4.7, 36488, 36488, 36552, 36488, 0, 'ok')
(1670.58, 4.7, 36456, 36520, 36552, 36456, 0, 'ok')
(1670.63, 4.7, 36488, 36456, 36552, 36424, 0, 'ok')
(1670.69, 4.7, 36488, 36456, 36552, 36424, 0, 'ok')
(1670.74, 4.7, 36488, 36520, 36520, 36392, 0, 'ok')
(1670.79, 4.7, 36488, 36456, 36584, 36456, 0, 'ok')
(1670.84, 4.7, 36488, 36488, 36520, 36424, 0, 'ok')
(1670.9, 4.7, 36520, 36456, 36552, 36456, 0, 'ok')
(1670.95, 4.7, 36552, 36520, 36584, 36392, 0, 'ok')
(1671.0, 4.7, 36488, 36488, 36552, 36456, 0, 'ok')
(1671.05, 4.7, 36488, 36520, 36552, 36424, 0, 'ok')
(1671.1, 4.7, 36488, 36424, 36552, 36392, 0, 'ok')
(1671.16, 4.7, 36488, 36520, 36616, 36392, 0, 'ok')
(1671.21, 4.7, 36488, 36488, 36520, 36424, 0, 'ok')
(1671.26, 4.7, 36520, 36488, 36520, 36456, 0, 'ok')
(1671.31, 4.7, 36488, 36520, 36616, 36456, 0, 'ok')
(1671.36, 4.7, 36488, 36488, 36584, 36456, 0, 'ok')
(1671.42, 4.7, 36488, 36520, 36488, 36392, 0, 'ok')
(1671.47, 4.7, 36552, 36488, 36424, 36392, 0, 'ok')
(1671.52, 4.7, 36488, 36456, 36584, 36392, 0, 'ok')
(1671.57, 4.7, 36456, 36456, 36488, 36392, 0, 'ok')
(1671.63, 4.7, 36488, 36488, 36488, 36424, 0, 'ok')
(1671.68, 4.7, 36488, 36456, 36616, 36456, 0, 'ok')
(1671.73, 4.7, 36520, 36488, 36552, 36392, 0, 'ok')
(1671.78, 4.7, 36456, 36488, 36520, 36456, 0, 'ok')
(1671.83, 4.7, 36488, 36424, 36488, 36456, 0, 'ok')
(1671.89, 4.7, 36488, 36552, 36616, 36424, 0, 'ok')
(1671.94, 4.7, 36488, 36456, 36616, 36424, 0, 'ok')
(1671.99, 4.7, 36488, 36520, 36488, 36424, 0, 'ok')
(1672.04, 4.7, 36488, 36456, 36584, 36424, 0, 'ok')
(1672.09, 4.7, 36520, 36488, 36584, 36424, 0, 'ok')
(1672.15, 4.7, 36488, 36520, 36584, 36424, 0, 'ok')
(1672.2, 4.7, 36456, 36456, 36488, 36392, 0, 'ok')
(1672.25, 4.7, 36488, 36488, 36520, 36392, 0, 'ok')
(1672.3, 4.7, 36520, 36488, 36552, 36424, 0, 'ok')
(1672.36, 4.7, 36488, 36488, 36552, 36392, 0, 'ok')
(1672.41, 4.7, 36488, 36520, 36520, 36488, 0, 'ok')
(1672.46, 4.7, 36456, 36424, 36616, 36424, 0, 'ok')
(1672.51, 4.7, 36488, 36488, 36552, 36456, 0, 'ok')
(1672.57, 4.7, 36488, 36488, 36520, 36424, 0, 'ok')
(1672.62, 4.7, 36488, 36520, 36488, 36424, 0, 'ok')
(1672.67, 4.7, 36488, 36488, 36584, 36424, 0, 'ok')
(1672.72, 4.7, 36488, 36488, 36552, 36456, 0, 'ok')
(1672.77, 4.7, 36488, 36488, 36552, 36456, 0, 'ok')
(1672.83, 4.7, 36488, 36552, 36584, 36488, 0, 'ok')
(1672.88, 4.7, 36488, 36456, 36616, 36424, 0, 'ok')
(1672.93, 4.7, 36488, 36488, 36552, 36424, 0, 'ok')
(1672.98, 4.7, 36456, 36456, 36552, 36456, 0, 'ok')
(1673.04, 4.7, 36456, 36488, 36584, 36456, 0, 'ok')
(1673.09, 4.7, 36520, 36488, 36584, 36456, 0, 'ok')
(1673.14, 4.7, 36456, 36488, 36520, 36392, 0, 'ok')
(1673.19, 4.7, 36488, 36488, 36616, 36456, 0, 'ok')
(1673.24, 4.7, 36488, 36488, 36584, 36424, 0, 'ok')
(1673.3, 4.7, 36488, 36488, 36488, 36456, 0, 'ok')
(1673.35, 4.7, 36456, 36488, 36552, 36392, 0, 'ok')
(1673.4, 4.7, 36488, 36456, 36552, 36424, 0, 'ok')
(1673.45, 4.7, 36488, 36456, 36520, 36488, 0, 'ok')
(1673.51, 4.7, 36488, 36488, 36584, 36456, 0, 'ok')
(1673.56, 4.7, 36488, 36520, 36552, 36424, 0, 'ok')
(1673.61, 4.7, 36488, 36520, 36584, 36424, 0, 'ok')
(1673.66, 4.7, 36488, 36488, 36616, 36456, 0, 'ok')
(1673.71, 4.7, 36488, 36488, 36488, 36424, 0, 'ok')
(1673.77, 4.7, 36488, 36488, 36584, 36392, 0, 'ok')
(1673.82, 4.7, 36456, 36488, 36488, 36424, 0, 'ok')
(1673.87, 4.7, 36520, 36456, 36520, 36488, 0, 'ok')
(1673.92, 4.7, 36488, 36520, 36488, 36488, 0, 'ok')
(1673.98, 4.7, 36488, 36488, 36584, 36424, 0, 'ok')
(1674.03, 4.7, 36488, 36488, 36616, 36424, 0, 'ok')
(1674.08, 4.7, 36456, 36456, 36520, 36424, 0, 'ok')
(1674.13, 4.7, 36488, 36456, 36520, 36424, 0, 'ok')
(1674.19, 4.7, 36488, 36520, 36616, 36424, 0, 'ok')
(1674.24, 4.7, 36488, 36456, 36584, 36424, 0, 'ok')
(1674.29, 4.7, 36488, 36520, 36552, 36392, 0, 'ok')
(1674.34, 4.7, 36488, 36456, 36488, 36424, 0, 'ok')
(1674.39, 4.7, 36520, 36488, 36552, 36424, 0, 'ok')
(1674.45, 4.7, 36488, 36488, 36520, 36424, 0, 'ok')
(1674.5, 4.7, 36488, 36520, 36520, 36456, 0, 'ok')
(1674.55, 4.7, 36456, 36520, 36552, 36424, 0, 'ok')
(1674.6, 4.7, 36488, 36488, 36552, 36456, 0, 'ok')
(1674.66, 4.7, 36488, 36456, 36584, 36424, 0, 'ok')
(1674.71, 4.7, 36488, 36520, 36584, 36456, 0, 'ok')
(1674.76, 4.7, 36488, 36520, 36552, 36424, 0, 'ok')
(1674.81, 4.7, 36488, 36520, 36552, 36424, 0, 'ok')
(1674.86, 4.7, 36488, 36456, 36520, 36456, 0, 'ok')
(1674.92, 4.7, 36488, 36456, 36552, 36424, 0, 'ok')
(1674.97, 4.7, 36456, 36456, 36616, 36424, 0, 'ok')
(1675.02, 4.7, 36488, 36488, 36552, 36456, 0, 'ok')
(1675.07, 4.7, 36488, 36456, 36584, 36424, 0, 'ok')
(1675.12, 4.7, 36456, 36488, 36520, 36456, 0, 'ok')
(1675.17, 4.7, 36488, 36520, 36552, 36456, 0, 'ok')
(1675.23, 4.7, 36520, 36488, 36552, 36424, 0, 'ok')
(1675.28, 4.7, 36488, 36520, 36552, 36456, 0, 'ok')
(1675.33, 4.7, 36488, 36456, 36520, 36456, 0, 'ok')
(1675.38, 4.7, 36456, 36520, 36552, 36392, 0, 'ok')
(1675.44, 4.7, 36456, 36488, 36552, 36424, 0, 'ok')
(1675.49, 4.7, 36488, 36488, 36520, 36424, 0, 'ok')
(1675.54, 4.7, 36488, 36488, 36552, 36456, 0, 'ok')
(1675.59, 4.7, 36488, 36456, 36552, 36456, 0, 'ok')
(1675.64, 4.7, 36488, 36520, 36584, 36424, 0, 'ok')
(1675.7, 4.7, 36488, 36456, 36520, 36456, 0, 'ok')
(1675.75, 4.7, 36488, 36520, 36552, 36424, 0, 'ok')
(1675.8, 4.7, 36488, 36488, 36552, 36456, 0, 'ok')
(1675.85, 4.7, 36488, 36488, 36552, 36456, 0, 'ok')
(1675.9, 4.7, 36488, 36520, 36520, 36424, 0, 'ok')
(1675.96, 4.7, 36488, 36488, 36488, 36456, 0, 'ok')
(1676.01, 4.7, 36488, 36456, 36552, 36456, 0, 'ok')
(1676.06, 4.7, 36488, 36520, 36584, 36424, 0, 'ok')
(1676.11, 4.7, 36488, 36488, 36552, 36456, 0, 'ok')
(1676.17, 4.7, 36456, 36520, 36488, 36456, 0, 'ok')
(1676.22, 4.7, 36488, 36488, 36520, 36424, 0, 'ok')
(1676.27, 4.7, 36488, 36520, 36552, 36424, 0, 'ok')
(1676.32, 4.7, 36488, 36456, 36552, 36456, 0, 'ok')
(1676.38, 4.7, 36488, 36488, 36552, 36424, 0, 'ok')
(1676.43, 4.7, 36488, 36520, 36552, 36424, 0, 'ok')
(1676.48, 4.7, 36488, 36488, 36520, 36424, 0, 'ok')
(1676.53, 4.7, 36488, 36456, 36488, 36456, 0, 'ok')
(1676.58, 4.7, 36488, 36488, 36584, 36456, 0, 'ok')
(1676.63, 4.7, 36456, 36488, 36520, 36424, 0, 'ok')
(1676.69, 4.7, 36488, 36488, 36584, 36456, 0, 'ok')
(1676.74, 4.7, 36488, 36488, 36584, 36424, 0, 'ok')
(1676.79, 4.7, 36488, 36488, 36584, 36424, 0, 'ok')
(1676.84, 4.7, 36488, 36488, 36552, 36456, 0, 'ok')
(1676.9, 4.7, 36488, 36488, 36552, 36456, 0, 'ok')
(1676.95, 4.7, 36456, 36488, 36520, 36456, 0, 'ok')
(1677.0, 4.7, 36488, 36488, 36520, 36456, 0, 'ok')
(1677.05, 4.8, 36488, 36456, 36520, 36456, 0, 'ok')
(1677.1, 4.8, 36488, 36520, 36520, 36424, 0, 'ok')
(1677.16, 5.1, 36456, 36488, 36552, 36424, 0, 'ok')
(1677.21, 5.2, 36488, 36520, 36520, 36424, 0, 'ok')
(1677.26, 5.5, 36488, 36520, 36520, 36456, 0, 'ok')
(1677.31, 5.8, 36488, 36456, 36552, 36456, 0, 'ok')
(1677.36, 5.9, 36488, 36520, 36584, 36392, 0, 'ok')
(1677.42, 6.1, 36456, 36520, 36552, 36424, 0, 'ok')
(1677.47, 6.2, 36456, 36488, 36584, 36424, 0, 'ok')
(1677.52, 6.4, 36488, 36488, 36584, 36456, 0, 'ok')
(1677.57, 6.6, 36488, 36488, 36552, 36488, 0, 'ok')
(1677.63, 6.7, 36488, 36456, 36584, 36424, 0, 'ok')
(1677.68, 6.8, 36488, 36488, 36520, 36456, 0, 'ok')
(1677.73, 6.9, 36488, 36552, 36520, 36392, 0, 'ok')
(1677.78, 7.0, 36488, 36488, 36584, 36456, 0, 'ok')
(1677.83, 7.1, 36488, 36520, 36552, 36424, 0, 'ok')
(1677.89, 7.1, 36488, 36520, 36584, 36424, 0, 'ok')
(1677.94, 7.1, 36488, 36488, 36552, 36424, 0, 'ok')
(1677.99, 7.2, 36488, 36456, 36584, 36424, 0, 'ok')
(1678.04, 7.2, 36488, 36488, 36520, 36488, 0, 'ok')
(1678.09, 7.2, 36488, 36520, 36584, 36424, 0, 'ok')
(1678.15, 7.2, 36488, 36520, 36552, 36456, 0, 'ok')
(1678.2, 7.2, 36488, 36488, 36520, 36392, 0, 'ok')
(1678.25, 7.2, 36456, 36456, 36520, 36424, 0, 'ok')
(1678.3, 7.2, 36488, 36488, 36520, 36424, 0, 'ok')
(1678.35, 7.2, 36456, 36520, 36520, 36456, 0, 'ok')
(1678.41, 7.2, 36488, 36520, 36552, 36392, 0, 'ok')
(1678.46, 7.2, 36488, 36520, 36584, 36424, 0, 'ok')
(1678.51, 7.2, 36520, 36552, 36552, 36424, 0, 'ok')
(1678.56, 7.2, 36488, 36488, 36520, 36488, 0, 'ok')
(1678.61, 7.2, 36488, 36488, 36488, 36424, 0, 'ok')
(1678.67, 7.2, 36456, 36520, 36584, 36456, 0, 'ok')
(1678.72, 7.2, 36488, 36488, 36488, 36424, 0, 'ok')
(1678.77, 7.2, 36456, 36456, 36584, 36456, 0, 'ok')
(1678.82, 7.2, 36488, 36488, 36488, 36456, 0, 'ok')
(1678.87, 7.2, 36488, 36520, 36520, 36488, 0, 'ok')
(1678.92, 7.2, 36488, 36520, 36616, 36456, 0, 'ok')
(1678.98, 7.2, 36488, 36520, 36520, 36424, 0, 'ok')
(1679.03, 7.2, 36488, 36520, 36616, 36456, 0, 'ok')
(1679.08, 7.2, 36488, 36520, 36616, 36456, 0, 'ok')
(1679.13, 7.2, 36456, 36488, 36488, 36424, 0, 'ok')
(1679.19, 7.2, 36456, 36520, 36552, 36424, 0, 'ok')
(1679.24, 7.2, 36488, 36456, 36520, 36424, 0, 'ok')
(1679.29, 7.2, 36488, 36456, 36552, 36456, 0, 'ok')
(1679.34, 7.2, 36488, 36520, 36552, 36456, 0, 'ok')
(1679.4, 7.2, 36488, 36488, 36552, 36456, 0, 'ok')
(1679.45, 7.2, 36488, 36520, 36520, 36488, 0, 'ok')
(1679.5, 7.2, 36456, 36456, 36584, 36424, 0, 'ok')
(1679.55, 7.2, 36456, 36456, 36520, 36424, 0, 'ok')
(1679.6, 7.2, 36488, 36488, 36552, 36424, 0, 'ok')
(1679.66, 7.2, 36456, 36488, 36584, 36424, 0, 'ok')
(1679.71, 7.2, 36488, 36520, 36552, 36424, 0, 'ok')
(1679.76, 7.2, 36488, 36456, 36552, 36424, 0, 'ok')
(1679.81, 7.2, 36488, 36520, 36552, 36424, 0, 'ok')
(1679.86, 7.2, 36488, 36520, 36552, 36456, 0, 'ok')
(1679.92, 7.2, 36488, 36520, 36552, 36456, 0, 'ok')
(1679.97, 7.2, 36488, 36488, 36552, 36424, 0, 'ok')
(1680.02, 7.2, 36488, 36488, 36520, 36456, 0, 'ok')
(1680.07, 7.2, 36488, 36456, 36520, 36456, 0, 'ok')
(1680.13, 7.2, 36488, 36520, 36584, 36456, 0, 'ok')
(1680.18, 7.2, 36488, 36488, 36552, 36456, 0, 'ok')
(1680.23, 7.2, 36488, 36520, 36584, 36424, 0, 'ok')
(1680.28, 7.2, 36456, 36488, 36520, 36456, 0, 'ok')
(1680.33, 7.2, 36488, 36488, 36488, 36424, 0, 'ok')
(1680.39, 7.2, 36488, 36488, 36520, 36424, 0, 'ok')
(1680.44, 7.2, 36488, 36520, 36520, 36456, 0, 'ok')
(1680.49, 7.2, 36488, 36488, 36584, 36456, 0, 'ok')
(1680.54, 7.2, 36488, 36488, 36552, 36456, 0, 'ok')
(1680.6, 7.2, 36488, 36520, 36584, 36456, 0, 'ok')
(1680.65, 7.2, 36488, 36488, 36552, 36456, 0, 'ok')
(1680.7, 7.2, 36456, 36488, 36520, 36392, 0, 'ok')
(1680.75, 7.2, 36456, 36488, 36520, 36424, 0, 'ok')
(1680.8, 7.2, 36488, 36488, 36584, 36424, 0, 'ok')
(1680.86, 7.2, 36488, 36488, 36552, 36424, 0, 'ok')
(1680.91, 7.2, 36488, 36488, 36520, 36456, 0, 'ok')
(1680.96, 7.2, 36488, 36552, 36584, 36456, 0, 'ok')
(1681.01, 7.2, 36488, 36488, 36584, 36456, 0, 'ok')
(1681.07, 7.2, 36488, 36520, 36616, 36456, 0, 'ok')
(1681.12, 7.2, 36456, 36488, 36520, 36424, 0, 'ok')
(1681.17, 7.2, 36488, 36488, 36584, 36456, 0, 'ok')
(1681.22, 7.2, 36456, 36456, 36552, 36456, 0, 'ok')
(1681.27, 7.2, 36456, 36488, 36552, 36424, 0, 'ok')
(1681.33, 7.2, 36456, 36456, 36520, 36392, 0, 'ok')
(1681.38, 7.2, 36488, 36520, 36520, 36456, 0, 'ok')
(1681.43, 7.1, 36520, 36520, 36552, 36424, 0, 'ok')
(1681.48, 7.2, 36488, 36488, 36552, 36456, 0, 'ok')
(1681.53, 7.2, 36488, 36488, 36552, 36456, 0, 'ok')
(1681.58, 7.2, 36488, 36520, 36552, 36456, 0, 'ok')
(1681.64, 7.2, 36488, 36520, 36552, 36456, 0, 'ok')
(1681.69, 7.2, 36456, 36488, 36520, 36424, 0, 'ok')
(1681.74, 7.2, 36488, 36520, 36584, 36424, 0, 'ok')
(1681.79, 7.2, 36488, 36456, 36616, 36456, 0, 'ok')
(1681.84, 7.2, 36488, 36520, 36520, 36424, 0, 'ok')
(1681.9, 7.2, 36488, 36520, 36584, 36392, 0, 'ok')
(1681.95, 7.2, 36456, 36488, 36488, 36456, 0, 'ok')
(1682.0, 7.2, 36488, 36456, 36584, 36488, 0, 'ok')
(1682.05, 7.2, 36488, 36520, 36520, 36456, 0, 'ok')
(1682.1, 7.2, 36456, 36456, 36584, 36456, 0, 'ok')
(1682.16, 7.2, 36488, 36520, 36456, 36456, 0, 'ok')
(1682.21, 7.2, 36488, 36488, 36552, 36424, 0, 'ok')
(1682.26, 7.2, 36488, 36520, 36616, 36424, 0, 'ok')
(1682.31, 7.2, 36488, 36552, 36584, 36456, 0, 'ok')
(1682.37, 7.2, 36488, 36456, 36552, 36456, 0, 'ok')
(1682.42, 7.2, 36488, 36456, 36552, 36456, 0, 'ok')
(1682.47, 7.2, 36488, 36488, 36552, 36424, 0, 'ok')
(1682.52, 7.2, 36488, 36520, 36584, 36424, 0, 'ok')
(1682.57, 7.2, 36456, 36488, 36584, 36456, 0, 'ok')
(1682.63, 7.2, 36456, 36456, 36552, 36424, 0, 'ok')
(1682.68, 7.2, 36456, 36520, 36552, 36456, 0, 'ok')
(1682.73, 7.2, 36488, 36520, 36552, 36456, 0, 'ok')
(1682.78, 7.1, 36456, 36520, 36552, 36456, 0, 'ok')
(1682.83, 7.1, 36488, 36488, 36488, 36424, 0, 'ok')
(1682.89, 7.2, 36456, 36520, 36616, 36456, 0, 'ok')
(1682.94, 7.2, 36488, 36520, 36488, 36488, 0, 'ok')
(1682.99, 7.2, 36456, 36488, 36488, 36424, 0, 'ok')
(1683.04, 7.2, 36488, 36488, 36616, 36424, 0, 'ok')
(1683.1, 7.2, 36488, 36488, 36584, 36424, 0, 'ok')
(1683.15, 7.2, 36488, 36488, 36616, 36456, 0, 'ok')
(1683.2, 7.2, 36488, 36520, 36552, 36424, 0, 'ok')
(1683.25, 7.2, 36488, 36520, 36520, 36424, 0, 'ok')
(1683.31, 7.2, 36456, 36520, 36584, 36456, 0, 'ok')
(1683.36, 7.2, 36456, 36488, 36584, 36456, 0, 'ok')
(1683.41, 7.2, 36456, 36456, 36584, 36456, 0, 'ok')
(1683.46, 7.2, 36520, 36488, 36552, 36488, 0, 'ok')
(1683.51, 7.2, 36488, 36488, 36616, 36456, 0, 'ok')
(1683.57, 7.2, 36488, 36520, 36520, 36456, 0, 'ok')
(1683.62, 7.1, 36456, 36520, 36520, 36488, 0, 'ok')
(1683.67, 7.2, 36456, 36520, 36520, 36456, 0, 'ok')
(1683.72, 7.2, 36488, 36488, 36552, 36424, 0, 'ok')
(1683.78, 7.2, 36488, 36488, 36552, 36424, 0, 'ok')
(1683.83, 7.2, 36488, 36456, 36584, 36456, 0, 'ok')
(1683.88, 7.2, 36488, 36520, 36488, 36424, 0, 'ok')
(1683.93, 7.2, 36488, 36456, 36584, 36424, 0, 'ok')
(1683.98, 7.2, 36456, 36456, 36584, 36456, 0, 'ok')
(1684.04, 7.2, 36488, 36520, 36584, 36424, 0, 'ok')
(1684.09, 7.2, 36488, 36456, 36616, 36456, 0, 'ok')
(1684.14, 7.2, 36456, 36488, 36584, 36424, 0, 'ok')
(1684.19, 7.2, 36456, 36520, 36552, 36488, 0, 'ok')
(1684.25, 7.2, 36488, 36520, 36616, 36456, 0, 'ok')
(1684.3, 7.2, 36488, 36520, 36552, 36456, 0, 'ok')
(1684.35, 7.2, 36456, 36520, 36584, 36456, 0, 'ok')
(1684.4, 7.2, 36456, 36424, 36520, 36424, 0, 'ok')
(1684.46, 7.2, 36488, 36520, 36552, 36456, 0, 'ok')
(1684.51, 7.1, 36488, 36488, 36552, 36424, 0, 'ok')
(1684.56, 7.2, 36488, 36488, 36520, 36456, 0, 'ok')
(1684.61, 7.1, 36456, 36520, 36616, 36456, 0, 'ok')
(1684.67, 7.2, 36488, 36552, 36584, 36456, 0, 'ok')
(1684.71, 7.2, 36488, 36520, 36552, 36456, 0, 'ok')
(1684.77, 7.2, 36456, 36456, 36552, 36424, 0, 'ok')
(1684.82, 7.2, 36456, 36488, 36552, 36424, 0, 'ok')
(1684.87, 7.2, 36488, 36488, 36584, 36424, 0, 'ok')
(1684.92, 7.2, 36488, 36520, 36520, 36456, 0, 'ok')
(1684.98, 7.2, 36488, 36520, 36584, 36488, 0, 'ok')
(1685.03, 7.2, 36488, 36520, 36584, 36456, 0, 'ok')
(1685.08, 7.2, 36488, 36520, 36584, 36456, 0, 'ok')
(1685.13, 7.2, 36488, 36488, 36552, 36424, 0, 'ok')
(1685.19, 7.2, 36488, 36488, 36552, 36424, 0, 'ok')
(1685.24, 7.2, 36456, 36488, 36552, 36456, 0, 'ok')
(1685.29, 7.2, 36488, 36488, 36584, 36456, 0, 'ok')
(1685.34, 7.2, 36488, 36520, 36552, 36424, 0, 'ok')
(1685.39, 7.2, 36488, 36520, 36552, 36456, 0, 'ok')
(1685.45, 7.2, 36488, 36488, 36488, 36456, 0, 'ok')
(1685.5, 7.2, 36488, 36488, 36584, 36424, 0, 'ok')
(1685.55, 7.2, 36488, 36520, 36552, 36456, 0, 'ok')
(1685.6, 7.2, 36488, 36488, 36488, 36424, 0, 'ok')
(1685.66, 7.1, 36488, 36488, 36552, 36424, 0, 'ok')
(1685.71, 7.1, 36456, 36520, 36552, 36424, 0, 'ok')
(1685.76, 7.1, 36488, 36520, 36456, 36456, 0, 'ok')
(1685.81, 7.1, 36488, 36520, 36520, 36520, 0, 'ok')
(1685.86, 7.1, 36488, 36552, 36584, 36456, 0, 'ok')
(1685.92, 7.1, 36456, 36456, 36552, 36456, 0, 'ok')
(1685.97, 7.1, 36456, 36520, 36552, 36456, 0, 'ok')
(1686.02, 7.1, 36456, 36488, 36616, 36456, 0, 'ok')
(1686.07, 7.1, 36488, 36488, 36552, 36488, 0, 'ok')
(1686.13, 7.1, 36488, 36488, 36488, 36424, 0, 'ok')
(1686.18, 7.1, 36488, 36488, 36616, 36424, 0, 'ok')
(1686.23, 7.1, 36488, 36488, 36584, 36456, 0, 'ok')
(1686.28, 7.1, 36488, 36488, 36552, 36456, 0, 'ok')
(1686.33, 7.1, 36488, 36456, 36552, 36456, 0, 'ok')
(1686.39, 7.1, 36456, 36520, 36584, 36488, 0, 'ok')
(1686.44, 7.1, 36488, 36488, 36520, 36424, 0, 'ok')
(1686.49, 7.1, 36488, 36520, 36616, 36424, 0, 'ok')
(1686.54, 7.1, 36456, 36456, 36552, 36488, 0, 'ok')
(1686.59, 7.1, 36488, 36488, 36520, 36456, 0, 'ok')
(1686.65, 7.1, 36520, 36488, 36616, 36456, 0, 'ok')
(1686.7, 7.1, 36456, 36488, 36584, 36456, 0, 'ok')
(1686.75, 7.1, 36456, 36520, 36520, 36456, 0, 'ok')
(1686.8, 7.1, 36456, 36488, 36552, 36424, 0, 'ok')
(1686.86, 7.1, 36456, 36520, 36488, 36424, 0, 'ok')
(1686.91, 7.1, 36488, 36520, 36584, 36424, 0, 'ok')
(1686.96, 7.1, 36488, 36488, 36456, 36424, 0, 'ok')
(1687.01, 7.1, 36488, 36488, 36520, 36488, 0, 'ok')
(1687.07, 7.1, 36456, 36520, 36552, 36456, 0, 'ok')
(1687.12, 7.1, 36456, 36488, 36488, 36392, 0, 'ok')
(1687.17, 7.1, 36488, 36488, 36520, 36424, 0, 'ok')
(1687.22, 7.1, 36456, 36520, 36584, 36456, 0, 'ok')
(1687.27, 7.1, 36488, 36488, 36520, 36456, 0, 'ok')
(1687.33, 7.1, 36488, 36456, 36584, 36456, 0, 'ok')
(1687.38, 7.1, 36456, 36520, 36584, 36456, 0, 'ok')
(1687.43, 7.1, 36488, 36456, 36552, 36488, 0, 'ok')
(1687.48, 7.1, 36488, 36488, 36552, 36488, 0, 'ok')
(1687.53, 7.1, 36488, 36552, 36552, 36424, 0, 'ok')
(1687.59, 7.1, 36456, 36520, 36520, 36424, 0, 'ok')
(1687.64, 7.1, 36456, 36456, 36488, 36456, 0, 'ok')
(1687.69, 7.1, 36488, 36488, 36488, 36424, 0, 'ok')
(1687.74, 7.1, 36488, 36456, 36584, 36424, 0, 'ok')
(1687.79, 7.1, 36488, 36488, 36584, 36424, 0, 'ok')
(1687.84, 7.1, 36488, 36488, 36552, 36424, 0, 'ok')
(1687.9, 7.1, 36488, 36488, 36520, 36424, 0, 'ok')
(1687.95, 7.1, 36488, 36488, 36488, 36488, 0, 'ok')
(1688.0, 7.1, 36456, 36488, 36584, 36424, 0, 'ok')
(1688.05, 7.1, 36456, 36488, 36552, 36392, 0, 'ok')
(1688.1, 7.0, 36488, 36488, 36552, 36424, 0, 'ok')
(1688.16, 7.1, 36456, 36456, 36456, 36424, 0, 'ok')
(1688.21, 7.1, 36488, 36488, 36552, 36392, 0, 'ok')
(1688.26, 7.1, 36488, 36456, 36552, 36456, 0, 'ok')
(1688.31, 7.1, 36456, 36488, 36520, 36456, 0, 'ok')
(1688.37, 7.1, 36456, 36488, 36584, 36424, 0, 'ok')
(1688.42, 7.1, 36488, 36456, 36520, 36456, 0, 'ok')
(1688.47, 7.1, 36456, 36456, 36552, 36456, 0, 'ok')
(1688.52, 7.1, 36488, 36520, 36584, 36424, 0, 'ok')
(1688.57, 7.0, 36456, 36456, 36584, 36456, 0, 'ok')
(1688.63, 7.1, 36488, 36488, 36552, 36424, 0, 'ok')
(1688.68, 7.0, 36488, 36488, 36552, 36424, 0, 'ok')
(1688.73, 7.0, 36488, 36488, 36520, 36456, 0, 'ok')
(1688.78, 7.0, 36488, 36456, 36552, 36424, 0, 'ok')
(1688.83, 7.0, 36456, 36456, 36520, 36456, 0, 'ok')
(1688.89, 7.0, 36456, 36488, 36520, 36456, 0, 'ok')
(1688.94, 7.0, 36456, 36488, 36584, 36456, 0, 'ok')
(1688.99, 7.0, 36488, 36488, 36520, 36456, 0, 'ok')
(1689.04, 7.0, 36488, 36488, 36488, 36456, 0, 'ok')
(1689.1, 7.0, 36488, 36424, 36584, 36424, 0, 'ok')
(1689.15, 7.0, 36456, 36488, 36552, 36424, 0, 'ok')
(1689.2, 7.0, 36488, 36488, 36520, 36456, 0, 'ok')
(1689.25, 7.0, 36456, 36456, 36456, 36424, 0, 'ok')
(1689.31, 7.0, 36488, 36488, 36520, 36424, 0, 'ok')
(1689.36, 7.0, 36488, 36520, 36552, 36456, 0, 'ok')
(1689.41, 7.0, 36424, 36520, 36552, 36424, 0, 'ok')
(1689.46, 7.0, 36488, 36456, 36552, 36424, 0, 'ok')
(1689.51, 7.0, 36488, 36488, 36584, 36456, 0, 'ok')
(1689.57, 7.0, 36456, 36520, 36520, 36456, 0, 'ok')
(1689.62, 7.0, 36456, 36520, 36552, 36424, 0, 'ok')
(1689.67, 7.0, 36456, 36488, 36488, 36424, 0, 'ok')
(1689.72, 7.0, 36456, 36488, 36616, 36424, 0, 'ok')
(1689.78, 7.0, 36488, 36488, 36520, 36456, 0, 'ok')
(1689.83, 7.0, 36456, 36488, 36552, 36456, 0, 'ok')
(1689.88, 7.0, 36488, 36520, 36584, 36424, 0, 'ok')
(1689.93, 7.0, 36488, 36488, 36584, 36424, 0, 'ok')
(1689.98, 7.0, 36488, 36488, 36520, 36456, 0, 'ok')
(1690.03, 7.0, 36456, 36520, 36520, 36456, 0, 'ok')
(1690.09, 7.0, 36456, 36488, 36552, 36424, 0, 'ok')
(1690.14, 7.0, 36456, 36488, 36520, 36424, 0, 'ok')
(1690.19, 7.0, 36456, 36456, 36520, 36424, 0, 'ok')
(1690.24, 7.0, 36520, 36520, 36520, 36456, 0, 'ok')
(1690.29, 7.0, 36456, 36488, 36552, 36456, 0, 'ok')
(1690.34, 7.0, 36456, 36456, 36584, 36456, 0, 'ok')
(1690.4, 7.0, 36488, 36488, 36616, 36424, 0, 'ok')
(1690.45, 7.0, 36456, 36488, 36488, 36456, 0, 'ok')
(1690.5, 7.0, 36456, 36488, 36552, 36456, 0, 'ok')
(1690.55, 7.0, 36456, 36488, 36552, 36424, 0, 'ok')
(1690.61, 7.0, 36456, 36488, 36488, 36424, 0, 'ok')
(1690.66, 7.0, 36456, 36456, 36520, 36424, 0, 'ok')
(1690.71, 7.0, 36456, 36488, 36616, 36456, 0, 'ok')
(1690.76, 7.0, 36488, 36488, 36552, 36424, 0, 'ok')
(1690.81, 7.0, 36488, 36488, 36520, 36424, 0, 'ok')
(1690.87, 7.0, 36456, 36520, 36584, 36424, 0, 'ok')
(1690.92, 7.0, 36456, 36488, 36616, 36424, 0, 'ok')
(1690.97, 7.0, 36456, 36456, 36552, 36456, 0, 'ok')
(1691.02, 7.0, 36456, 36520, 36584, 36456, 0, 'ok')
(1691.07, 7.0, 36456, 36488, 36552, 36424, 0, 'ok')
(1691.13, 7.0, 36456, 36488, 36520, 36456, 0, 'ok')
(1691.18, 7.0, 36456, 36488, 36520, 36456, 0, 'ok')
(1691.23, 7.0, 36488, 36520, 36552, 36424, 0, 'ok')
(1691.28, 7.0, 36456, 36456, 36584, 36424, 0, 'ok')
(1691.34, 7.0, 36456, 36456, 36520, 36392, 0, 'ok')
(1691.39, 7.0, 36456, 36456, 36552, 36424, 0, 'ok')
(1691.44, 7.0, 36488, 36488, 36520, 36424, 0, 'ok')
(1691.49, 7.0, 36456, 36456, 36488, 36424, 0, 'ok')
(1691.54, 7.0, 36488, 36520, 36520, 36424, 0, 'ok')
(1691.59, 7.0, 36456, 36488, 36520, 36456, 0, 'ok')
(1691.65, 7.0, 36456, 36488, 36552, 36424, 0, 'ok')
(1691.7, 7.0, 36456, 36488, 36552, 36456, 0, 'ok')
(1691.75, 7.0, 36456, 36456, 36488, 36456, 0, 'ok')
(1691.8, 7.0, 36456, 36488, 36520, 36456, 0, 'ok')
(1691.86, 7.0, 36424, 36456, 36552, 36456, 0, 'ok')
(1691.91, 7.0, 36456, 36456, 36520, 36424, 0, 'ok')
(1691.96, 7.0, 36456, 36488, 36552, 36424, 0, 'ok')
(1692.01, 7.0, 36456, 36488, 36520, 36424, 0, 'ok')
(1692.06, 7.0, 36488, 36488, 36552, 36424, 0, 'ok')
(1692.12, 7.0, 36456, 36520, 36552, 36456, 0, 'ok')
(1692.17, 7.0, 36456, 36488, 36552, 36392, 0, 'ok')
(1692.22, 7.0, 36456, 36488, 36552, 36456, 0, 'ok')
(1692.27, 7.0, 36456, 36488, 36520, 36424, 0, 'ok')
(1692.33, 7.0, 36456, 36520, 36520, 36488, 0, 'ok')
(1692.38, 7.0, 36424, 36520, 36520, 36424, 0, 'ok')
(1692.43, 7.0, 36456, 36456, 36520, 36456, 0, 'ok')
(1692.48, 7.0, 36456, 36456, 36488, 36424, 0, 'ok')
(1692.53, 7.0, 36456, 36456, 36584, 36424, 0, 'ok')
(1692.59, 7.0, 36456, 36488, 36520, 36424, 0, 'ok')
(1692.64, 7.0, 36456, 36488, 36584, 36456, 0, 'ok')
(1692.69, 7.0, 36456, 36488, 36552, 36424, 0, 'ok')
(1692.74, 7.0, 36456, 36488, 36488, 36424, 0, 'ok')
(1692.8, 7.0, 36456, 36520, 36488, 36392, 0, 'ok')
(1692.85, 7.0, 36456, 36520, 36520, 36424, 0, 'ok')
(1692.9, 7.0, 36456, 36488, 36584, 36488, 0, 'ok')
(1692.95, 7.0, 36456, 36488, 36552, 36424, 0, 'ok')
(1693.0, 7.0, 36456, 36456, 36520, 36424, 0, 'ok')
(1693.06, 7.0, 36488, 36488, 36488, 36424, 0, 'ok')
(1693.11, 7.0, 36456, 36520, 36520, 36456, 0, 'ok')
(1693.16, 7.0, 36456, 36488, 36552, 36424, 0, 'ok')
(1693.21, 7.0, 36488, 36488, 36552, 36456, 0, 'ok')
(1693.27, 6.9, 36488, 36456, 36520, 36424, 0, 'ok')
(1693.32, 6.9, 36456, 36456, 36584, 36456, 0, 'ok')
(1693.37, 6.9, 36456, 36456, 36584, 36456, 0, 'ok')
(1693.42, 6.8, 36456, 36488, 36584, 36488, 0, 'ok')
(1693.47, 6.8, 36456, 36488, 36552, 36424, 0, 'ok')
(1693.53, 6.8, 36456, 36488, 36520, 36424, 0, 'ok')
(1693.58, 6.7, 36456, 36520, 36520, 36456, 0, 'ok')
(1693.63, 6.7, 36488, 36520, 36552, 36424, 0, 'ok')
(1693.68, 6.7, 36456, 36456, 36488, 36424, 0, 'ok')
(1693.74, 6.7, 36424, 36488, 36520, 36424, 0, 'ok')
(1693.79, 6.6, 36456, 36520, 36552, 36392, 0, 'ok')
(1693.84, 6.6, 36456, 36456, 36552, 36424, 0, 'ok')
(1693.89, 6.6, 36488, 36456, 36520, 36424, 0, 'ok')
(1693.94, 6.6, 36456, 36520, 36552, 36424, 0, 'ok')
(1694.0, 6.6, 36488, 36488, 36520, 36424, 0, 'ok')
(1694.05, 6.5, 36488, 36488, 36520, 36424, 0, 'ok')
(1694.1, 6.5, 36456, 36456, 36552, 36392, 0, 'ok')
(1694.15, 6.5, 36456, 36520, 36584, 36456, 0, 'ok')
(1694.21, 6.5, 36456, 36456, 36488, 36456, 0, 'ok')
(1694.26, 6.4, 36456, 36456, 36584, 36424, 0, 'ok')
(1694.31, 6.4, 36456, 36488, 36552, 36456, 0, 'ok')
(1694.36, 6.4, 36488, 36456, 36552, 36424, 0, 'ok')
(1694.42, 6.4, 36488, 36488, 36552, 36392, 0, 'ok')
(1694.47, 6.4, 36456, 36488, 36520, 36424, 0, 'ok')
(1694.52, 6.3, 36456, 36488, 36552, 36456, 0, 'ok')
(1694.57, 6.3, 36456, 36456, 36552, 36424, 0, 'ok')
(1694.63, 6.3, 36456, 36456, 36552, 36424, 0, 'ok')
(1694.67, 6.3, 36488, 36456, 36584, 36456, 0, 'ok')
(1694.73, 6.3, 36488, 36488, 36584, 36424, 0, 'ok')
(1694.78, 6.2, 36456, 36488, 36552, 36424, 0, 'ok')
(1694.83, 6.2, 36488, 36456, 36488, 36424, 0, 'ok')
(1694.88, 6.2, 36456, 36456, 36552, 36392, 0, 'ok')
(1694.94, 6.2, 36456, 36488, 36552, 36456, 0, 'ok')
(1694.99, 6.1, 36456, 36456, 36584, 36456, 0, 'ok')
(1695.04, 6.1, 36456, 36456, 36520, 36424, 0, 'ok')
(1695.09, 6.1, 36488, 36488, 36488, 36424, 0, 'ok')
(1695.15, 6.1, 36456, 36488, 36552, 36424, 0, 'ok')
(1695.2, 6.1, 36488, 36488, 36552, 36424, 0, 'ok')
(1695.25, 6.0, 36456, 36488, 36520, 36392, 0, 'ok')
(1695.3, 6.0, 36456, 36456, 36552, 36424, 0, 'ok')
(1695.35, 6.0, 36456, 36488, 36520, 36424, 0, 'ok')
(1695.41, 6.0, 36456, 36552, 36552, 36392, 0, 'ok')
(1695.46, 6.0, 36456, 36456, 36520, 36392, 0, 'ok')
(1695.51, 6.0, 36456, 36456, 36584, 36424, 0, 'ok')
(1695.56, 5.9, 36456, 36520, 36552, 36488, 0, 'ok')
(1695.62, 5.9, 36488, 36424, 36584, 36424, 0, 'ok')
(1695.67, 5.9, 36488, 36456, 36488, 36424, 0, 'ok')
(1695.72, 5.9, 36456, 36488, 36584, 36424, 0, 'ok')
(1695.77, 5.9, 36456, 36488, 36616, 36392, 0, 'ok')
(1695.82, 5.9, 36456, 36456, 36552, 36424, 0, 'ok')
(1695.88, 5.9, 36456, 36456, 36552, 36424, 0, 'ok')
(1695.93, 5.8, 36488, 36488, 36584, 36456, 0, 'ok')
(1695.98, 5.8, 36456, 36456, 36584, 36392, 0, 'ok')
(1696.03, 5.8, 36456, 36488, 36552, 36456, 0, 'ok')
(1696.08, 5.8, 36488, 36456, 36488, 36456, 0, 'ok')
(1696.14, 5.8, 36456, 36456, 36424, 36456, 0, 'ok')
(1696.19, 5.8, 36456, 36456, 36584, 36424, 0, 'ok')
(1696.24, 5.8, 36456, 36456, 36488, 36456, 0, 'ok')
(1696.29, 5.7, 36456, 36520, 36520, 36424, 0, 'ok')
(1696.34, 5.7, 36456, 36520, 36520, 36424, 0, 'ok')
(1696.4, 5.7, 36456, 36456, 36488, 36488, 0, 'ok')
(1696.45, 5.7, 36488, 36456, 36552, 36424, 0, 'ok')
(1696.5, 5.7, 36456, 36488, 36520, 36456, 0, 'ok')
(1696.55, 5.7, 36456, 36456, 36552, 36424, 0, 'ok')
(1696.61, 5.7, 36424, 36424, 36488, 36424, 0, 'ok')
(1696.66, 5.6, 36456, 36456, 36584, 36456, 0, 'ok')
(1696.71, 5.6, 36456, 36456, 36520, 36424, 0, 'ok')
(1696.76, 5.6, 36456, 36520, 36584, 36424, 0, 'ok')
(1696.81, 5.6, 36456, 36488, 36488, 36456, 0, 'ok')
(1696.86, 5.6, 36488, 36488, 36552, 36456, 0, 'ok')
(1696.92, 5.6, 36456, 36488, 36584, 36456, 0, 'ok')
(1696.97, 5.6, 36424, 36456, 36552, 36424, 0, 'ok')
(1697.02, 5.5, 36456, 36456, 36520, 36424, 0, 'ok')
(1697.07, 5.5, 36456, 36488, 36584, 36392, 0, 'ok')
(1697.13, 5.5, 36488, 36488, 36616, 36424, 0, 'ok')
(1697.18, 5.5, 36456, 36488, 36552, 36392, 0, 'ok')
(1697.23, 5.5, 36456, 36520, 36520, 36424, 0, 'ok')
(1697.28, 5.5, 36456, 36488, 36520, 36392, 0, 'ok')
(1697.33, 5.5, 36456, 36488, 36584, 36488, 0, 'ok')
(1697.39, 5.5, 36456, 36424, 36520, 36456, 0, 'ok')
(1697.44, 5.4, 36456, 36424, 36648, 36424, 0, 'ok')
(1697.49, 5.4, 36456, 36488, 36616, 36424, 0, 'ok')
(1697.54, 5.4, 36456, 36456, 36552, 36424, 0, 'ok')
(1697.59, 5.4, 36456, 36456, 36552, 36456, 0, 'ok')
(1697.65, 5.4, 36456, 36488, 36488, 36456, 0, 'ok')
(1697.7, 5.4, 36456, 36520, 36552, 36424, 0, 'ok')
(1697.75, 5.4, 36456, 36488, 36616, 36456, 0, 'ok')
(1697.8, 5.4, 36488, 36520, 36488, 36456, 0, 'ok')
(1697.85, 5.4, 36456, 36488, 36552, 36424, 0, 'ok')
(1697.9, 5.4, 36456, 36424, 36488, 36392, 0, 'ok')
(1697.96, 5.4, 36456, 36424, 36584, 36424, 0, 'ok')
(1698.01, 5.3, 36456, 36488, 36616, 36488, 0, 'ok')
(1698.06, 5.3, 36456, 36456, 36584, 36424, 0, 'ok')
(1698.11, 5.3, 36456, 36488, 36520, 36456, 0, 'ok')
(1698.17, 5.3, 36488, 36488, 36552, 36424, 0, 'ok')
(1698.22, 5.3, 36456, 36488, 36520, 36392, 0, 'ok')
(1698.27, 5.3, 36456, 36488, 36520, 36424, 0, 'ok')
(1698.32, 5.3, 36456, 36488, 36488, 36456, 0, 'ok')
(1698.38, 5.3, 36456, 36456, 36520, 36456, 0, 'ok')
(1698.43, 5.3, 36456, 36456, 36520, 36456, 0, 'ok')
(1698.48, 5.2, 36456, 36456, 36552, 36456, 0, 'ok')
(1698.53, 5.3, 36488, 36456, 36520, 36424, 0, 'ok')
(1698.58, 5.2, 36456, 36456, 36552, 36456, 0, 'ok')
(1698.64, 5.2, 36456, 36456, 36552, 36424, 0, 'ok')
(1698.69, 5.2, 36456, 36456, 36520, 36424, 0, 'ok')
(1698.74, 5.2, 36456, 36488, 36456, 36424, 0, 'ok')
(1698.79, 5.2, 36456, 36456, 36520, 36456, 0, 'ok')
(1698.84, 5.2, 36456, 36488, 36584, 36424, 0, 'ok')
(1698.9, 5.2, 36456, 36520, 36616, 36424, 0, 'ok')
(1698.95, 5.2, 36456, 36488, 36552, 36424, 0, 'ok')
(1699.0, 5.2, 36488, 36456, 36456, 36424, 0, 'ok')
(1699.05, 5.2, 36456, 36456, 36552, 36456, 0, 'ok')
(1699.1, 5.1, 36456, 36424, 36552, 36456, 0, 'ok')
(1699.16, 5.1, 36456, 36488, 36488, 36456, 0, 'ok')
(1699.21, 5.1, 36456, 36456, 36552, 36424, 0, 'ok')
(1699.26, 5.1, 36456, 36424, 36584, 36424, 0, 'ok')
(1699.31, 5.1, 36456, 36520, 36584, 36456, 0, 'ok')
(1699.36, 5.1, 36456, 36456, 36552, 36424, 0, 'ok')
(1699.42, 5.1, 36456, 36456, 36488, 36456, 0, 'ok')
(1699.47, 5.1, 36456, 36424, 36424, 36424, 0, 'ok')
(1699.52, 5.1, 36456, 36424, 36584, 36456, 0, 'ok')
(1699.57, 5.1, 36424, 36488, 36520, 36456, 0, 'ok')
(1699.62, 5.1, 36424, 36488, 36488, 36456, 0, 'ok')
(1699.67, 5.1, 36456, 36424, 36552, 36424, 0, 'ok')
(1699.73, 5.1, 36456, 36488, 36488, 36424, 0, 'ok')
(1699.78, 5.0, 36456, 36488, 36456, 36424, 0, 'ok')
(1699.83, 5.0, 36456, 36488, 36552, 36424, 0, 'ok')
(1699.88, 5.0, 36456, 36456, 36520, 36424, 0, 'ok')
(1699.94, 5.0, 36456, 36456, 36488, 36456, 0, 'ok')
(1699.99, 5.0, 36456, 36456, 36552, 36456, 0, 'ok')
(1700.04, 5.0, 36456, 36488, 36456, 36392, 0, 'ok')
(1700.09, 5.0, 36424, 36424, 36520, 36456, 0, 'ok')
(1700.15, 5.0, 36456, 36520, 36456, 36456, 0, 'ok')
(1700.2, 5.0, 36456, 36456, 36520, 36392, 0, 'ok')
(1700.25, 5.0, 36488, 36520, 36488, 36424, 0, 'ok')
(1700.3, 5.0, 36456, 36456, 36520, 36424, 0, 'ok')
(1700.35, 5.0, 36456, 36424, 36520, 36424, 0, 'ok')
(1700.41, 5.0, 36456, 36424, 36488, 36456, 0, 'ok')
(1700.46, 5.0, 36456, 36424, 36520, 36456, 0, 'ok')
(1700.51, 5.0, 36456, 36456, 36488, 36424, 0, 'ok')
(1700.56, 5.0, 36456, 36488, 36488, 36424, 0, 'ok')
(1700.61, 5.0, 36424, 36424, 36520, 36424, 0, 'ok')
(1700.67, 4.9, 36456, 36520, 36456, 36424, 0, 'ok')
(1700.72, 4.9, 36456, 36488, 36488, 36424, 0, 'ok')
(1700.77, 4.9, 36456, 36424, 36424, 36456, 0, 'ok')
(1700.82, 4.9, 36456, 36456, 36552, 36424, 0, 'ok')
(1700.87, 4.9, 36424, 36456, 36520, 36456, 0, 'ok')
(1700.92, 4.9, 36424, 36488, 36424, 36392, 0, 'ok')
(1700.98, 4.9, 36424, 36424, 36552, 36424, 0, 'ok')
(1701.03, 4.9, 36456, 36488, 36520, 36424, 0, 'ok')
(1701.08, 4.9, 36456, 36488, 36520, 36424, 0, 'ok')
(1701.13, 4.9, 36456, 36456, 36552, 36424, 0, 'ok')
(1701.19, 4.9, 36456, 36456, 36456, 36456, 0, 'ok')
(1701.24, 4.9, 36456, 36456, 36456, 36456, 0, 'ok')
(1701.29, 4.9, 36456, 36520, 36520, 36424, 0, 'ok')
(1701.34, 4.9, 36424, 36456, 36456, 36392, 0, 'ok')
(1701.39, 4.9, 36456, 36520, 36520, 36392, 0, 'ok')
(1701.45, 4.9, 36456, 36520, 36520, 36392, 0, 'ok')
(1701.5, 4.9, 36456, 36520, 36456, 36488, 0, 'ok')
(1701.55, 4.9, 36456, 36456, 36520, 36456, 0, 'ok')
(1701.6, 4.8, 36456, 36456, 36552, 36424, 0, 'ok')
(1701.65, 4.8, 36424, 36424, 36456, 36392, 0, 'ok')
(1701.71, 4.8, 36456, 36424, 36552, 36424, 0, 'ok')
(1701.76, 4.8, 36456, 36424, 36520, 36456, 0, 'ok')
(1701.81, 4.8, 36456, 36488, 36520, 36424, 0, 'ok')
(1701.86, 4.8, 36456, 36488, 36584, 36424, 0, 'ok')
(1701.92, 4.8, 36456, 36456, 36584, 36456, 0, 'ok')
(1701.97, 4.8, 36456, 36456, 36488, 36424, 0, 'ok')
(1702.02, 4.8, 36456, 36456, 36392, 36456, 0, 'ok')
(1702.07, 4.8, 36456, 36456, 36552, 36424, 0, 'ok')
(1702.12, 4.8, 36456, 36424, 36520, 36424, 0, 'ok')
(1702.18, 4.8, 36456, 36424, 36552, 36392, 0, 'ok')
(1702.23, 4.8, 36456, 36488, 36552, 36456, 0, 'ok')
(1702.28, 4.8, 36456, 36456, 36552, 36392, 0, 'ok')
(1702.33, 4.8, 36456, 36488, 36552, 36424, 0, 'ok')
(1702.38, 4.8, 36424, 36456, 36488, 36424, 0, 'ok')
(1702.44, 4.8, 36456, 36424, 36552, 36424, 0, 'ok')
(1702.49, 4.8, 36424, 36424, 36488, 36424, 0, 'ok')
(1702.54, 4.8, 36424, 36456, 36520, 36456, 0, 'ok')
(1702.59, 4.8, 36456, 36424, 36584, 36392, 0, 'ok')
(1702.65, 4.8, 36456, 36456, 36520, 36392, 0, 'ok')
(1702.7, 4.8, 36456, 36488, 36520, 36392, 0, 'ok')
(1702.75, 4.8, 36456, 36488, 36456, 36392, 0, 'ok')
(1702.8, 4.8, 36456, 36424, 36488, 36456, 0, 'ok')
(1702.85, 4.8, 36424, 36456, 36552, 36424, 0, 'ok')
(1702.91, 4.8, 36456, 36488, 36488, 36424, 0, 'ok')
(1702.96, 4.8, 36456, 36488, 36552, 36424, 0, 'ok')
(1703.01, 4.8, 36456, 36456, 36520, 36488, 0, 'ok')
(1703.06, 4.8, 36456, 36456, 36616, 36424, 0, 'ok')
(1703.11, 4.8, 36456, 36456, 36552, 36424, 0, 'ok')
(1703.17, 4.8, 36456, 36520, 36488, 36424, 0, 'ok')
(1703.22, 4.7, 36456, 36488, 36616, 36424, 0, 'ok')
(1703.27, 4.7, 36424, 36488, 36520, 36456, 0, 'ok')
(1703.32, 4.7, 36456, 36456, 36584, 36424, 0, 'ok')
(1703.38, 4.7, 36424, 36520, 36552, 36456, 0, 'ok')
(1703.43, 4.7, 36456, 36392, 36520, 36488, 0, 'ok')
(1703.48, 4.7, 36456, 36424, 36520, 36456, 0, 'ok')
(1703.53, 4.7, 36456, 36488, 36584, 36456, 0, 'ok')
(1703.58, 4.7, 36456, 36456, 36584, 36424, 0, 'ok')
(1703.63, 4.7, 36424, 36520, 36552, 36424, 0, 'ok')
(1703.69, 4.7, 36424, 36456, 36424, 36424, 0, 'ok')
(1703.74, 4.7, 36424, 36488, 36584, 36488, 0, 'ok')
(1703.79, 4.7, 36456, 36488, 36616, 36424, 0, 'ok')
(1703.84, 4.7, 36456, 36488, 36456, 36456, 0, 'ok')
(1703.9, 4.7, 36424, 36456, 36456, 36424, 0, 'ok')
(1703.95, 4.7, 36424, 36456, 36616, 36424, 0, 'ok')
(1704.0, 4.7, 36456, 36488, 36616, 36456, 0, 'ok')
(1704.05, 4.7, 36424, 36424, 36520, 36424, 0, 'ok')
(1704.1, 4.7, 36456, 36456, 36456, 36392, 0, 'ok')
(1704.16, 4.7, 36424, 36488, 36520, 36456, 0, 'ok')
(1704.21, 4.7, 36424, 36456, 36520, 36424, 0, 'ok')
(1704.26, 4.7, 36456, 36456, 36552, 36424, 0, 'ok')
(1704.31, 4.7, 36456, 36488, 36584, 36456, 0, 'ok')
(1704.36, 4.7, 36456, 36424, 36520, 36456, 0, 'ok')
(1704.42, 4.7, 36456, 36456, 36584, 36424, 0, 'ok')
(1704.47, 4.7, 36424, 36424, 36616, 36424, 0, 'ok')
(1704.52, 4.7, 36424, 36456, 36488, 36424, 0, 'ok')
(1704.57, 4.7, 36424, 36456, 36552, 36456, 0, 'ok')
(1704.63, 4.7, 36424, 36424, 36552, 36424, 0, 'ok')
(1704.67, 4.7, 36424, 36424, 36520, 36424, 0, 'ok')
(1704.73, 4.7, 36456, 36520, 36584, 36456, 0, 'ok')
(1704.78, 4.7, 36424, 36488, 36552, 36424, 0, 'ok')
(1704.83, 4.7, 36424, 36488, 36520, 36456, 0, 'ok')
(1704.88, 4.7, 36456, 36456, 36552, 36456, 0, 'ok')
(1704.94, 4.7, 36424, 36456, 36488, 36392, 0, 'ok')
(1704.99, 4.7, 36456, 36456, 36488, 36392, 0, 'ok')
(1705.04, 4.7, 36424, 36488, 36424, 36456, 0, 'ok')
(1705.09, 4.7, 36456, 36456, 36616, 36424, 0, 'ok')
(1705.14, 4.7, 36424, 36456, 36552, 36392, 0, 'ok')
(1705.2, 4.7, 36456, 36456, 36520, 36456, 0, 'ok')
(1705.25, 4.7, 36424, 36456, 36488, 36424, 0, 'ok')
(1705.3, 4.7, 36456, 36488, 36488, 36456, 0, 'ok')
(1705.35, 4.7, 36456, 36488, 36520, 36456, 0, 'ok')
(1705.4, 4.7, 36424, 36456, 36456, 36424, 0, 'ok')
(1705.46, 4.7, 36456, 36456, 36488, 36456, 0, 'ok')
(1705.51, 4.7, 36424, 36456, 36488, 36456, 0, 'ok')
(1705.56, 4.7, 36424, 36456, 36552, 36456, 0, 'ok')
(1705.61, 4.7, 36456, 36456, 36584, 36424, 0, 'ok')
(1705.67, 4.7, 36456, 36488, 36520, 36424, 0, 'ok')
(1705.72, 4.7, 36424, 36424, 36552, 36488, 0, 'ok')
(1705.77, 4.7, 36424, 36456, 36584, 36424, 0, 'ok')
(1705.82, 4.7, 36424, 36456, 36520, 36424, 0, 'ok')
(1705.88, 4.7, 36424, 36424, 36520, 36456, 0, 'ok')
(1705.93, 4.7, 36456, 36424, 36520, 36424, 0, 'ok')
(1705.98, 4.7, 36424, 36488, 36488, 36424, 0, 'ok')
(1706.03, 4.7, 36424, 36456, 36520, 36456, 0, 'ok')
(1706.08, 4.7, 36456, 36488, 36616, 36456, 0, 'ok')
(1706.13, 4.7, 36456, 36456, 36520, 36424, 0, 'ok')
(1706.19, 4.7, 36424, 36456, 36552, 36392, 0, 'ok')
(1706.24, 4.7, 36456, 36456, 36552, 36392, 0, 'ok')
(1706.29, 4.7, 36456, 36424, 36488, 36456, 0, 'ok')
(1706.34, 4.7, 36456, 36456, 36584, 36456, 0, 'ok')
(1706.4, 4.7, 36456, 36424, 36520, 36424, 0, 'ok')
(1706.45, 4.7, 36456, 36456, 36552, 36456, 0, 'ok')
(1706.5, 4.7, 36424, 36456, 36584, 36488, 0, 'ok')
(1706.55, 4.7, 36424, 36456, 36488, 36424, 0, 'ok')
(1706.6, 4.7, 36424, 36424, 36488, 36456, 0, 'ok')
(1706.66, 4.7, 36424, 36456, 36456, 36456, 0, 'ok')
(1706.71, 4.7, 36424, 36456, 36424, 36456, 0, 'ok')
(1706.76, 4.7, 36456, 36424, 36520, 36456, 0, 'ok')
(1706.81, 4.7, 36456, 36456, 36520, 36456, 0, 'ok')
(1706.87, 4.7, 36456, 36488, 36520, 36488, 0, 'ok')
(1706.92, 4.7, 36424, 36392, 36520, 36392, 0, 'ok')
(1706.97, 4.7, 36424, 36424, 36520, 36392, 0, 'ok')
(1707.02, 4.7, 36456, 36456, 36520, 36456, 0, 'ok')
(1707.08, 4.7, 36424, 36456, 36552, 36456, 0, 'ok')
(1707.13, 4.7, 36424, 36456, 36520, 36392, 0, 'ok')
(1707.18, 4.7, 36456, 36456, 36584, 36424, 0, 'ok')
(1707.23, 4.7, 36456, 36488, 36456, 36424, 0, 'ok')
(1707.28, 4.7, 36456, 36456, 36456, 36392, 0, 'ok')
(1707.34, 4.7, 36456, 36520, 36488, 36424, 0, 'ok')
(1707.39, 4.7, 36424, 36424, 36520, 36424, 0, 'ok')
(1707.44, 4.7, 36424, 36456, 36584, 36392, 0, 'ok')
(1707.49, 4.7, 36424, 36488, 36488, 36424, 0, 'ok')
(1707.54, 4.7, 36424, 36456, 36488, 36456, 0, 'ok')
(1707.6, 4.7, 36456, 36392, 36488, 36424, 0, 'ok')
(1707.65, 4.7, 36456, 36424, 36584, 36456, 0, 'ok')
(1707.7, 4.7, 36456, 36456, 36552, 36424, 0, 'ok')
(1707.75, 4.7, 36424, 36392, 36488, 36456, 0, 'ok')
(1707.81, 4.7, 36424, 36456, 36488, 36456, 0, 'ok')
(1707.86, 4.7, 36424, 36456, 36520, 36424, 0, 'ok')
(1707.91, 4.7, 36456, 36488, 36584, 36424, 0, 'ok')
(1707.96, 4.7, 36424, 36456, 36584, 36456, 0, 'ok')
(1708.02, 4.7, 36456, 36424, 36488, 36456, 0, 'ok')
(1708.07, 4.7, 36360, 36424, 36552, 36456, 0, 'ok')
(1708.12, 4.7, 36424, 36392, 36424, 36456, 0, 'ok')
(1708.17, 4.7, 36424, 36456, 36488, 36424, 0, 'ok')
(1708.22, 4.7, 36424, 36488, 36488, 36424, 0, 'ok')
(1708.28, 4.7, 36456, 36424, 36584, 36456, 0, 'ok')
(1708.33, 4.7, 36424, 36456, 36552, 36456, 0, 'ok')
(1708.38, 4.7, 36456, 36456, 36520, 36424, 0, 'ok')
(1708.43, 4.7, 36424, 36488, 36552, 36456, 0, 'ok')
(1708.49, 4.7, 36456, 36456, 36520, 36424, 0, 'ok')
(1708.54, 4.7, 36424, 36392, 36488, 36456, 0, 'ok')
(1708.59, 4.7, 36424, 36424, 36520, 36424, 0, 'ok')
(1708.64, 4.7, 36424, 36488, 36552, 36488, 0, 'ok')
(1708.69, 4.7, 36456, 36424, 36520, 36424, 0, 'ok')
(1708.75, 4.7, 36424, 36456, 36488, 36456, 0, 'ok')
(1708.8, 4.7, 36456, 36456, 36456, 36424, 0, 'ok')
(1708.85, 4.7, 36456, 36424, 36520, 36456, 0, 'ok')
(1708.9, 4.7, 36424, 36392, 36456, 36424, 0, 'ok')
(1708.96, 4.7, 36424, 36392, 36520, 36424, 0, 'ok')
(1709.01, 4.7, 36424, 36424, 36520, 36488, 0, 'ok')
(1709.06, 4.7, 36424, 36488, 36488, 36456, 0, 'ok')
(1709.11, 4.7, 36424, 36456, 36584, 36488, 0, 'ok')
(1709.17, 4.7, 36456, 36424, 36520, 36424, 0, 'ok')
(1709.22, 4.7, 36456, 36424, 36552, 36456, 0, 'ok')
(1709.27, 4.7, 36424, 36456, 36520, 36424, 0, 'ok')
(1709.32, 4.7, 36424, 36392, 36552, 36424, 0, 'ok')
(1709.37, 4.7, 36424, 36424, 36520, 36456, 0, 'ok')
(1709.42, 4.7, 36424, 36424, 36488, 36392, 0, 'ok')
(1709.48, 4.7, 36456, 36456, 36488, 36392, 0, 'ok')
(1709.53, 4.7, 36424, 36456, 36520, 36424, 0, 'ok')
(1709.58, 4.7, 36456, 36392, 36552, 36392, 0, 'ok')
(1709.63, 4.7, 36424, 36456, 36456, 36456, 0, 'ok')
(1709.69, 4.7, 36424, 36424, 36520, 36424, 0, 'ok')
(1709.74, 4.7, 36424, 36392, 36520, 36424, 0, 'ok')
(1709.79, 4.7, 36424, 36392, 36552, 36424, 0, 'ok')
(1709.84, 4.7, 36424, 36424, 36488, 36424, 0, 'ok')
(1709.89, 4.7, 36424, 36392, 36552, 36456, 0, 'ok')
(1709.95, 4.7, 36424, 36424, 36552, 36456, 0, 'ok')
(1710.0, 4.7, 36424, 36392, 36488, 36424, 0, 'ok')
(1710.05, 4.7, 36456, 36456, 36488, 36456, 0, 'ok')
(1710.1, 4.7, 36424, 36424, 36456, 36424, 0, 'ok')
(1710.16, 4.7, 36424, 36392, 36488, 36392, 0, 'ok')
(1710.21, 4.7, 36424, 36456, 36520, 36456, 0, 'ok')
(1710.26, 4.7, 36424, 36424, 36552, 36424, 0, 'ok')
(1710.31, 4.7, 36392, 36424, 36456, 36424, 0, 'ok')
(1710.36, 4.7, 36424, 36392, 36520, 36424, 0, 'ok')
(1710.41, 4.7, 36424, 36424, 36520, 36456, 0, 'ok')
(1710.47, 4.7, 36424, 36392, 36488, 36456, 0, 'ok')
(1710.52, 4.7, 36424, 36392, 36488, 36424, 0, 'ok')
(1710.57, 4.7, 36424, 36424, 36456, 36456, 0, 'ok')
(1710.62, 4.7, 36424, 36392, 36456, 36360, 0, 'ok')
(1710.67, 4.7, 36424, 36392, 36488, 36424, 0, 'ok')
(1710.72, 4.7, 36392, 36424, 36520, 36424, 0, 'ok')
(1710.78, 4.7, 36424, 36456, 36552, 36424, 0, 'ok')
